
600811 2016-07-18 7.000 7.150 7.080 6.990 23504023 166503338  
600811 2016-07-15 6.990 7.050 7.000 6.980 10528207 73811951  
600811 2016-07-14 6.980 7.040 7.010 6.950 12762776 89286681  
600811 2016-07-13 7.010 7.050 6.990 6.950 19119864 133854451  
600811 2016-07-12 6.830 7.020 7.000 6.820 22936750 158733684  
600811 2016-07-11 6.820 6.930 6.840 6.790 20094512 138266670  
600811 2016-07-08 6.860 6.870 6.800 6.780 15594215 106356345  
600811 2016-07-07 6.830 6.950 6.840 6.810 19619222 134690894  
600811 2016-07-06 6.800 6.850 6.830 6.790 13252376 90336802  
600811 2016-07-05 6.800 6.830 6.820 6.780 17169296 116839171  
600811 2016-07-04 6.690 6.860 6.820 6.670 23297689 158421341  
600811 2016-07-01 6.680 6.730 6.690 6.670 12695681 85094668 
600811 2016-06-30 6.700 6.720 6.660 6.640 11551847 77073810  
600811 2016-06-29 6.620 6.740 6.670 6.600 21813008 145719827  
600811 2016-06-28 6.560 6.610 6.590 6.500 14546322 95387849  
600811 2016-06-27 6.400 6.590 6.580 6.380 8244820 53839382  
600811 2016-06-24 6.580 6.610 6.460 6.400 10951915 71092176  
600811 2016-06-23 6.610 6.630 6.580 6.550 6975689 45932917  
600811 2016-06-22 6.590 6.630 6.630 6.550 7597555 50093900  
600811 2016-06-21 6.650 6.690 6.590 6.560 11760221 78045304  
600811 2016-06-20 6.580 6.650 6.620 6.540 7964510 52570785  
600811 2016-06-17 6.540 6.630 6.580 6.540 8258782 54489815  
600811 2016-06-16 6.600 6.610 6.530 6.520 6767718 44369974  
600811 2016-06-15 6.390 6.620 6.590 6.370 13569368 88915128  
600811 2016-06-14 6.460 6.480 6.440 6.380 9582785 61565926  
600811 2016-06-13 6.610 6.640 6.460 6.450 15614071 102597400  
600811 2016-06-08 6.730 6.750 6.670 6.630 12781228 85333969  
600811 2016-06-07 6.760 6.770 6.720 6.710 7135506 48058538  
600811 2016-06-06 6.780 6.820 6.750 6.730 12278568 83176214  
600811 2016-06-03 6.790 6.860 6.800 6.740 18710437 127396241  
600811 2016-06-02 6.760 6.810 6.790 6.720 14773292 100058952  
600811 2016-06-01 6.810 6.830 6.780 6.760 19689941 133772683  
600811 2016-05-31 6.600 6.840 6.810 6.600 27604303 187013997  
600811 2016-05-30 6.660 6.670 6.610 6.570 11980090 79328816  
600811 2016-05-27 6.630 6.810 6.700 6.550 32887572 220788391  
600811 2016-05-26 6.450 6.540 6.510 6.340 13656943 87930829  
600811 2016-05-25 6.480 6.540 6.440 6.420 6950368 45069494  
600811 2016-05-24 6.510 6.510 6.450 6.410 8627178 55661474  
600811 2016-05-23 6.480 6.550 6.520 6.450 8637899 56239506  
600811 2016-05-20 6.370 6.470 6.470 6.350 8148878 52413536  
600811 2016-05-19 6.420 6.530 6.430 6.390 11185268 72281873  
600811 2016-05-18 6.590 6.610 6.440 6.370 18726523 121238176  
600811 2016-05-17 6.690 6.760 6.600 6.580 14849012 98953412  
600811 2016-05-16 6.660 6.710 6.700 6.540 16611052 110317928  
600811 2016-05-13 6.790 6.900 6.740 6.560 32037991 215759180  
600811 2016-05-12 6.850 6.900 6.850 6.600 38910082 261937854  
600811 2016-05-11 6.780 7.140 7.010 6.780 64617912 452420359  
600811 2016-05-10 6.690 6.840 6.770 6.650 19464319 131621310  
600811 2016-05-09 6.660 6.850 6.800 6.350 31693102 208593788  
600811 2016-05-06 6.860 6.930 6.670 6.650 18586634 126166529  
600811 2016-05-05 6.810 6.860 6.850 6.730 12031852 81912321  
600811 2016-05-04 6.850 6.900 6.840 6.810 11733740 80439563  
600811 2016-05-03 6.720 6.880 6.860 6.660 15614611 106369194  
600811 2016-04-29 6.650 6.720 6.680 6.650 9268831 61992474  
600811 2016-04-28 6.670 6.750 6.710 6.550 10580212 70418574  
600811 2016-04-27 6.700 6.740 6.650 6.640 11622136 77797503  
600811 2016-04-26 6.570 6.680 6.670 6.530 9492400 62679790  
600811 2016-04-25 6.620 6.620 6.570 6.500 8346061 54685491  
600811 2016-04-22 6.590 6.680 6.630 6.560 12737746 84428287  
600811 2016-04-21 6.660 6.730 6.640 6.600 13108766 87497440  
600811 2016-04-20 7.040 7.050 6.650 6.550 25241757 170266578  
600811 2016-04-19 7.040 7.060 7.010 6.940 9796269 68589915  
600811 2016-04-18 7.110 7.120 7.000 6.960 13044042 91575358  
600811 2016-04-15 7.200 7.220 7.160 7.110 12151956 86845333  
600811 2016-04-14 7.090 7.220 7.200 7.070 24900217 178518960  
600811 2016-04-13 6.950 7.190 7.070 6.930 35266794 249661939  
600811 2016-04-12 6.890 6.910 6.900 6.830 11349652 78055317  
600811 2016-04-11 6.850 6.970 6.920 6.850 17823533 123246437  
600811 2016-04-08 6.830 6.880 6.790 6.710 12710296 86430181  
600811 2016-04-07 7.010 7.030 6.890 6.880 15315410 106464383  
600811 2016-04-06 6.920 7.040 6.970 6.890 15654754 109100390  
600811 2016-04-05 6.810 7.000 6.970 6.770 18891444 130656016  
600811 2016-04-01 6.830 6.850 6.820 6.610 13496463 91131555 
600811 2016-03-31 6.880 6.880 6.840 6.800 13586601 93032107  
600811 2016-03-30 6.700 6.860 6.830 6.650 13574336 92078481  
600811 2016-03-29 6.750 6.790 6.630 6.580 13410707 89789703  
600811 2016-03-28 6.950 6.990 6.760 6.730 16615794 114313877  
600811 2016-03-25 6.870 6.930 6.920 6.820 10762766 73971585  
600811 2016-03-24 6.870 6.910 6.840 6.820 16146667 110934795  
600811 2016-03-23 6.890 6.940 6.920 6.860 13190143 91030193  
600811 2016-03-22 6.950 6.980 6.910 6.850 22513059 155777976  
600811 2016-03-21 6.900 7.060 7.000 6.850 35762968 249298342  
600811 2016-03-18 6.690 6.880 6.820 6.690 25805776 175249176  
600811 2016-03-17 6.550 6.730 6.680 6.550 18463085 122695521  
600811 2016-03-16 6.570 6.610 6.540 6.480 13383265 87623293  
600811 2016-03-15 6.570 6.610 6.550 6.450 12264325 80207730  
600811 2016-03-14 6.580 6.710 6.600 6.530 19370643 128680989  
600811 2016-03-11 6.400 6.500 6.450 6.370 8994140 57862726  
600811 2016-03-10 6.600 6.640 6.460 6.460 13179791 86411281  
600811 2016-03-09 6.590 6.640 6.560 6.520 20432863 134371833  
600811 2016-03-08 6.870 6.880 6.770 6.570 34842126 233870331  
600811 2016-03-07 6.660 6.990 6.960 6.610 42444602 288196158  
600811 2016-03-04 6.540 6.640 6.600 6.400 34162996 223699995  
600811 2016-03-03 6.420 6.670 6.540 6.410 28015083 183170468  
600811 2016-03-02 6.170 6.500 6.460 6.130 24341459 154450008  
600811 2016-03-01 6.020 6.220 6.150 5.950 16346044 99315773  
600811 2016-02-29 6.220 6.250 6.000 5.860 19229282 115027070  
600811 2016-02-26 6.170 6.290 6.220 6.060 16412569 101269958  
600811 2016-02-25 6.700 6.740 6.080 6.080 29708047 190315653  
600811 2016-02-24 6.550 6.830 6.760 6.500 27451624 183314535  
600811 2016-02-23 6.660 6.670 6.580 6.450 19175872 125595706  
600811 2016-02-22 6.520 6.770 6.680 6.490 20825466 138064116  
600811 2016-02-19 6.460 6.520 6.460 6.390 10600082 68457990  
600811 2016-02-18 6.540 6.580 6.500 6.440 15600360 101373785  
600811 2016-02-17 6.350 6.510 6.490 6.330 17416189 111661756  
600811 2016-02-16 6.180 6.420 6.400 6.170 16592732 105123021  
600811 2016-02-15 6.050 6.160 6.150 5.990 8662494 52606777  
600811 2016-02-05 6.300 6.310 6.190 6.180 11085121 69377155  
600811 2016-02-04 6.190 6.330 6.290 6.190 14214598 88923351  
600811 2016-02-03 6.120 6.190 6.180 6.060 10363916 63354937  
600811 2016-02-02 6.020 6.220 6.200 6.000 14873757 91437205  
600811 2016-02-01 6.100 6.130 5.970 5.920 11983176 72223660  
600811 2016-01-29 5.850 6.190 6.100 5.850 15921401 95841205  
600811 2016-01-28 6.060 6.130 5.850 5.820 13778451 82760703  
600811 2016-01-27 6.220 6.260 6.100 5.900 19728890 120050081  
600811 2016-01-26 6.750 6.750 6.200 6.150 19562877 126776227  
600811 2016-01-25 6.820 6.890 6.810 6.750 9555620 65260047  
600811 2016-01-22 6.680 6.790 6.730 6.550 11433130 76481515  
600811 2016-01-21 6.810 6.950 6.600 6.580 16469637 111926625  
600811 2016-01-20 6.990 7.040 6.880 6.840 17639188 122399912  
600811 2016-01-19 6.800 7.050 7.000 6.780 22179447 153773508  
600811 2016-01-18 6.660 6.930 6.790 6.570 11707835 79517411  
600811 2016-01-15 7.050 7.120 6.770 6.700 16435490 113436642  
600811 2016-01-14 6.750 7.160 7.120 6.700 20915966 145188917  
600811 2016-01-13 7.170 7.260 6.980 6.970 13090446 93283043  
600811 2016-01-12 7.060 7.210 7.100 6.990 15308703 108738240  
600811 2016-01-11 7.380 7.530 7.010 6.950 25605433 186571955  
600811 2016-01-08 7.510 7.700 7.540 7.290 30720926 230850431  
600811 2016-01-07 7.950 7.950 7.350 7.300 4917100 37635102  
600811 2016-01-06 7.810 8.100 8.060 7.810 23339119 185789868  
600811 2016-01-05 7.540 7.980 7.790 7.520 24215606 187894499  
600811 2016-01-04 8.660 8.660 7.900 7.880 24343151 200470510 
600811 2015-12-31 8.760 8.850 8.680 8.670 18044284 157860742  
600811 2015-12-30 8.710 8.770 8.710 8.600 14872221 129363232  
600811 2015-12-29 8.610 8.750 8.730 8.510 14965582 129231368  
600811 2015-12-28 8.980 9.010 8.590 8.570 26002880 228453682  
600811 2015-12-25 8.700 8.960 8.950 8.700 23048914 203747492  
600811 2015-12-24 8.860 8.860 8.750 8.660 18440784 161183696  
600811 2015-12-23 9.010 9.150 8.850 8.750 39676208 356043488  
600811 2015-12-22 8.870 9.040 8.990 8.800 41913418 375077118  
600811 2015-12-21 8.500 8.970 8.860 8.500 45113564 395950592  
600811 2015-12-18 8.410 8.770 8.570 8.380 39309644 337059680  
600811 2015-12-17 8.300 8.450 8.430 8.290 28040200 235143536  
600811 2015-12-16 8.290 8.350 8.260 8.210 16414432 136045184  
600811 2015-12-15 8.270 8.330 8.270 8.200 16970670 140388464  
600811 2015-12-14 7.930 8.290 8.290 7.900 19821804 160995808  
600811 2015-12-11 8.120 8.140 8.010 7.930 17498416 140205664  
600811 2015-12-10 8.230 8.330 8.120 8.110 15578755 128150128  
600811 2015-12-09 8.260 8.330 8.210 8.180 16272507 134072603  
600811 2015-12-08 8.600 8.630 8.290 8.250 28290106 237990288  
600811 2015-12-07 8.480 8.700 8.670 8.410 26972379 230380978  
600811 2015-12-04 8.590 8.620 8.440 8.360 26473124 224622960  
600811 2015-12-03 8.580 8.660 8.650 8.510 26504169 227639056  
600811 2015-12-02 8.330 8.620 8.590 8.260 32177336 271511360  
600811 2015-12-01 8.250 8.380 8.330 8.150 24128932 199196400  
600811 2015-11-30 8.320 8.390 8.200 7.910 36668312 298432928  
600811 2015-11-27 9.000 9.010 8.280 8.210 40730844 352448384  
600811 2015-11-26 9.050 9.170 9.040 9.020 33280192 302386432  
600811 2015-11-25 8.980 9.060 9.040 8.950 28068400 252889312  
600811 2015-11-24 9.090 9.090 9.010 8.800 24004222 214740544  
600811 2015-11-23 9.010 9.170 9.110 8.970 33471582 302566432  
600811 2015-11-20 9.020 9.140 8.980 8.920 33926812 306113760  
600811 2015-11-19 8.880 9.040 9.030 8.830 25518776 227991712  
600811 2015-11-18 9.190 9.280 8.830 8.790 43717404 394342848  
600811 2015-11-17 9.340 9.560 9.170 9.150 76267416 712516032  
600811 2015-11-16 8.780 9.260 9.240 8.690 64646732 584966848  
600811 2015-11-13 8.780 8.950 8.820 8.690 35010856 308412576  
600811 2015-11-12 9.050 9.050 8.810 8.740 42157472 372984320  
600811 2015-11-11 9.030 9.030 8.990 8.860 36503740 326144416  
600811 2015-11-10 8.980 9.170 9.010 8.900 55093032 497261408  
600811 2015-11-09 8.800 9.280 9.000 8.790 85837512 779734464  
600811 2015-11-06 8.580 8.950 8.880 8.500 86836072 758000960  
600811 2015-11-05 8.400 8.800 8.580 8.400 100983952 869951552  
600811 2015-11-04 7.940 8.470 8.450 7.930 62193628 512474176  
600811 2015-11-03 7.990 8.110 7.900 7.850 30669536 243904864  
600811 2015-10-30 8.120 8.260 8.140 8.010 27407384 223587328  
600811 2015-10-29 8.110 8.190 8.150 8.010 24343388 197692400  
600811 2015-10-28 8.260 8.340 8.060 8.010 37681392 308891648  
600811 2015-10-27 8.300 8.330 8.250 8.050 45244152 371466400  
600811 2015-10-26 8.420 8.420 8.330 8.290 56874264 474970464  
600811 2015-10-23 8.270 8.430 8.360 8.160 47565840 394878080  
600811 2015-10-22 7.970 8.210 8.180 7.920 31955592 257805152  
600811 2015-10-21 8.490 8.490 7.960 7.920 67329288 552914432  
600811 2015-10-20 8.370 8.490 8.480 8.240 55423144 465296032  
600811 2015-10-19 8.370 8.420 8.360 8.190 49285828 410849440  
600811 2015-10-16 8.400 8.400 8.360 8.200 60323896 501635392  
600811 2015-10-15 8.200 8.370 8.360 8.180 63895832 529087200  
600811 2015-10-14 8.070 8.270 7.980 7.960 45521844 368855712  
600811 2015-10-13 7.990 8.100 8.090 7.950 34592492 277583648  
600811 2015-10-12 7.720 8.140 8.070 7.700 49412944 393120928  
600811 2015-10-09 7.510 7.750 7.680 7.480 33041592 252347040  
600811 2015-10-08 7.490 7.580 7.510 7.450 31055560 233307616 
600811 2015-09-30 7.280 7.310 7.220 7.180 15552182 112856928  
600811 2015-09-29 7.220 7.370 7.220 7.220 18797140 136453952  
600811 2015-09-28 7.300 7.430 7.390 7.140 14809070 108126696  
600811 2015-09-25 7.660 7.670 7.310 7.280 27835800 206970624  
600811 2015-09-24 7.580 7.690 7.660 7.550 24118798 183981680  
600811 2015-09-23 7.610 7.660 7.580 7.400 35125508 264685936  
600811 2015-09-22 7.690 7.840 7.750 7.630 38469948 297554752  
600811 2015-09-21 7.350 7.690 7.640 7.290 31389004 236106336  
600811 2015-09-18 7.550 7.570 7.420 7.310 26789932 199243792  
600811 2015-09-17 7.510 7.750 7.330 7.310 47826088 361304160  
600811 2015-09-16 7.100 7.700 7.600 7.000 51889776 378705728  
600811 2015-09-15 7.500 7.610 7.010 7.000 55922504 402382432  
600811 2015-09-14 8.680 8.690 7.780 7.780 47952568 388291040  
600811 2015-09-11 8.520 8.680 8.640 8.420 32767612 281263488  
600811 2015-09-10 8.890 8.970 8.550 8.510 76144368 665431360  
600811 2015-09-09 8.990 9.870 9.240 8.990 136369936 1268146688  
600811 2015-07-29 9.670 10.080 9.990 9.080 53716204 514149344  
600811 2015-07-28 9.300 9.670 9.510 8.710 80038464 736496512  
600811 2015-07-27 10.390 10.580 9.550 9.550 61816816 623918784  
600811 2015-07-24 11.140 11.200 10.610 10.500 87748304 957628288  
600811 2015-07-23 10.980 11.240 11.160 10.690 85855712 941817856  
600811 2015-07-22 10.430 10.960 10.910 10.370 87912072 939509888  
600811 2015-07-21 10.120 10.530 10.410 10.010 59822592 616891584  
600811 2015-07-20 10.290 10.550 10.290 10.000 77352544 797220224  
600811 2015-07-17 9.810 10.400 10.260 9.630 66275144 668514432  
600811 2015-07-16 9.170 9.840 9.620 8.700 64279112 605554432  
600811 2015-07-15 10.000 10.070 9.170 9.160 101336960 962156992  
600811 2015-07-14 10.450 11.130 10.180 10.050 131414440 1378548608  
600811 2015-07-13 9.910 10.510 10.510 9.760 120113336 1222915456  
600811 2015-07-10 9.000 9.550 9.550 9.000 84775840 800890240  
600811 2015-07-09 7.360 8.680 8.680 7.360 62393936 518819424  
600811 2015-07-08 7.900 8.770 7.890 7.890 155182560 1283930496  
600811 2015-07-07 9.300 9.600 8.770 8.770 103573840 928252160  
600811 2015-07-06 10.000 10.000 9.740 8.300 185481760 1701689600  
600811 2015-07-03 9.860 10.320 9.090 9.040 111922928 1057767168  
600811 2015-07-02 11.270 11.400 10.040 10.030 87800488 936550528  
600811 2015-07-01 12.100 12.570 11.140 11.110 68174544 826720960 
600811 2015-06-30 11.350 12.480 12.330 10.360 80192120 924601344  
600811 2015-06-29 12.550 12.700 11.350 11.030 96389088 1137012608  
600811 2015-06-26 13.250 13.340 12.250 12.250 72006520 914372736  
600811 2015-06-25 14.300 14.760 13.610 13.400 79116616 1125754880  
600811 2015-06-24 13.950 14.280 14.210 13.690 75547632 1057832512  
600811 2015-06-23 13.600 13.940 13.930 12.590 64464148 869707072  
600811 2015-06-19 14.500 14.800 13.510 13.510 69605096 983695424  
600811 2015-06-18 15.970 16.090 15.010 14.990 60683684 946285120  
600811 2015-06-17 15.600 16.160 16.020 15.100 62722948 983435584  
600811 2015-06-16 15.850 15.980 15.730 15.050 90103120 1397091840  
600811 2015-06-15 16.800 17.250 16.080 15.990 94465512 1556792192  
600811 2015-06-12 16.900 17.100 16.760 16.610 111070432 1868836352  
600811 2015-06-11 15.910 17.530 17.180 15.850 188128560 3184160000  
600811 2015-06-10 15.680 16.360 15.940 15.560 83313896 1337551872  
600811 2015-06-09 15.900 16.440 15.990 15.300 133801192 2133935360  
600811 2015-06-08 15.380 15.970 15.950 14.810 131960256 2044259072  
600811 2015-06-05 14.980 15.870 15.330 14.830 112720040 1730299520  
600811 2015-06-04 15.180 15.180 14.750 13.650 90432544 1306654080  
600811 2015-06-03 14.830 15.590 15.130 14.600 100448864 1517661568  
600811 2015-06-02 14.150 14.860 14.790 14.130 105077272 1529300096  
600811 2015-06-01 13.470 14.130 14.060 13.310 65421864 904182912  
600811 2015-05-29 13.590 13.890 13.400 12.700 80919080 1090801280  
600811 2015-05-28 14.900 15.030 13.540 13.530 117227456 1686636032  
600811 2015-05-27 15.020 15.300 15.030 14.540 112433448 1684175232  
600811 2015-05-26 14.600 15.000 14.910 14.110 119730080 1749550592  
600811 2015-05-25 13.400 14.750 14.440 13.400 112459472 1595440128  
600811 2015-05-22 13.250 13.760 13.540 13.030 87191848 1161002880  
600811 2015-05-21 12.800 13.170 13.110 12.800 53260220 691818432  
600811 2015-05-20 12.730 13.200 12.790 12.620 63664972 821169600  
600811 2015-05-19 12.080 12.600 12.600 12.070 48601172 605366144  
600811 2015-05-18 11.700 12.260 12.080 11.660 42088000 506890112  
600811 2015-05-15 12.380 12.380 11.850 11.810 51812356 621794432  
600811 2015-05-14 12.570 12.670 12.400 12.310 41851084 522430688  
600811 2015-05-13 12.500 12.680 12.590 12.320 59908892 747616768  
600811 2015-05-12 12.500 12.630 12.520 12.320 49166128 614004160  
600811 2015-05-11 12.190 12.560 12.520 12.060 51195948 630608640  
600811 2015-05-08 11.860 12.090 12.050 11.700 51478380 614290880  
600811 2015-05-07 11.880 11.890 11.710 11.580 40490204 475931744  
600811 2015-05-06 12.210 12.440 11.910 11.800 58429992 710914240  
600811 2015-05-05 13.120 13.150 12.200 12.060 67642112 853639680  
600811 2015-05-04 13.260 13.260 13.130 12.950 50902064 665976512  
600811 2015-04-30 13.490 13.670 13.140 13.040 113126704 1498044032  
600811 2015-04-29 13.520 13.910 13.900 13.410 39492592 544128384  
600811 2015-04-28 14.060 14.280 13.560 13.290 64088368 878690176  
600811 2015-04-27 14.300 14.560 14.110 13.840 68428472 967711424  
600811 2015-04-24 14.380 14.490 14.160 13.910 71953616 1020026304  
600811 2015-04-23 13.790 14.980 14.700 13.640 99933280 1446970368  
600811 2015-04-22 13.610 13.960 13.740 13.510 63090800 866263168  
600811 2015-04-21 12.880 13.490 13.480 12.820 55859728 738094656  
600811 2015-04-20 13.510 13.630 12.890 12.840 91017840 1206822144  
600811 2015-04-17 13.980 14.280 13.700 13.530 67172768 928566592  
600811 2015-04-16 13.450 14.050 13.870 13.110 59194372 810196032  
600811 2015-04-15 14.300 14.300 13.700 13.530 71320024 990199744  
600811 2015-04-14 13.830 14.830 14.370 13.800 76858808 1104746880  
600811 2015-04-13 13.470 14.320 13.800 13.470 83205160 1158031488  
600811 2015-04-10 12.450 13.090 13.050 12.310 75943184 971276160  
600811 2015-04-09 12.880 12.940 12.450 12.290 75675848 949678144  
600811 2015-04-08 12.560 13.230 12.690 12.510 97828208 1255803392  
600811 2015-04-07 12.370 12.680 12.560 12.280 93298968 1164039552  
600811 2015-04-03 12.300 12.460 12.380 12.030 106085984 1304748544  
600811 2015-04-02 11.440 12.440 12.440 11.440 169391984 2075768192  
600811 2015-04-01 11.100 11.350 11.310 11.080 53642616 602273792 
600811 2015-03-31 11.310 11.560 11.110 11.060 68860816 780341184  
600811 2015-03-30 11.080 11.440 11.280 11.070 68068320 766902720  
600811 2015-03-27 10.940 11.090 10.980 10.860 38177916 420036864  
600811 2015-03-26 10.800 11.150 10.930 10.700 51470756 563495808  
600811 2015-03-25 11.060 11.060 10.890 10.770 56347852 614116288  
600811 2015-03-24 11.400 11.420 11.100 10.760 90583400 1000355904  
600811 2015-03-23 11.240 11.680 11.430 11.160 68020960 778038080  
600811 2015-03-20 10.910 11.340 11.180 10.880 65214100 726715776  
600811 2015-03-19 11.050 11.100 10.900 10.770 59412048 649121024  
600811 2015-03-18 10.950 11.210 11.050 10.820 65934616 725248832  
600811 2015-03-17 10.400 11.140 11.030 10.340 103830272 1118693248  
600811 2015-03-16 10.230 10.450 10.340 10.080 59291044 608169024  
600811 2015-03-13 10.220 10.280 10.030 9.990 42961444 434016480  
600811 2015-03-12 10.050 10.170 10.150 9.870 57782800 579090432  
600811 2015-03-11 9.770 10.180 10.060 9.710 76988192 772179520  
600811 2015-03-10 9.640 9.840 9.670 9.580 37034368 359649120  
600811 2015-03-09 9.490 9.760 9.690 9.280 37921660 362512896  
600811 2015-03-06 9.620 9.780 9.490 9.430 41450064 397149664  
600811 2015-03-05 9.350 9.870 9.700 9.310 78444008 755776832  
600811 2015-03-04 9.140 9.370 9.350 9.130 30873342 286216288  
600811 2015-03-03 9.390 9.390 9.130 9.110 38710420 358534912  
600811 2015-03-02 9.340 9.460 9.430 9.260 36813340 345212448  
600811 2015-02-27 9.300 9.360 9.250 9.200 26821844 248698080  
600811 2015-02-26 8.960 9.330 9.300 8.930 32151542 294413216  
600811 2015-02-25 9.100 9.120 8.980 8.940 18561912 167443904  
600811 2015-02-17 9.100 9.140 9.070 9.050 22647656 205753920  
600811 2015-02-16 9.010 9.120 9.050 8.980 21336628 192870960  
600811 2015-02-13 8.940 9.100 9.030 8.890 23909074 215433008  
600811 2015-02-12 8.890 8.930 8.890 8.780 14874656 131730384  
600811 2015-02-11 8.770 8.870 8.870 8.750 15539142 136983312  
600811 2015-02-10 8.610 8.760 8.760 8.600 16715653 145326336  
600811 2015-02-09 8.510 8.730 8.640 8.470 18637724 160452320  
600811 2015-02-06 8.740 8.860 8.570 8.500 21892592 190344368  
600811 2015-02-05 9.180 9.190 8.790 8.750 28195524 253690544  
600811 2015-02-04 9.120 9.160 8.920 8.910 23329634 211331296  
600811 2015-02-03 8.940 9.110 9.110 8.860 21475100 192787808  
600811 2015-02-02 8.900 9.040 8.860 8.820 27454304 245041408  
600811 2015-01-30 9.210 9.290 9.120 9.110 23380420 214768864  
600811 2015-01-29 9.310 9.400 9.200 9.110 32638544 301571616  
600811 2015-01-28 9.500 9.740 9.490 9.430 34653672 331596576  
600811 2015-01-27 9.560 9.850 9.590 9.330 53691476 515617248  
600811 2015-01-26 9.180 9.640 9.560 9.120 53793380 506937184  
600811 2015-01-23 9.260 9.330 9.190 9.140 39701980 366430688  
600811 2015-01-22 9.210 9.320 9.250 9.120 38112904 351075680  
600811 2015-01-21 8.880 9.250 9.160 8.800 51088044 462064320  
600811 2015-01-20 8.580 8.750 8.750 8.380 42768416 369535520  
600811 2015-01-19 8.860 9.080 8.530 8.530 75052872 656149504  
600811 2015-01-16 9.540 9.620 9.480 9.410 38586648 367198784  
600811 2015-01-15 9.280 9.560 9.550 9.240 29921856 281461568  
600811 2015-01-14 9.300 9.420 9.270 9.210 26901542 250469312  
600811 2015-01-13 9.300 9.380 9.260 9.180 33111512 307700576  
600811 2015-01-12 9.680 9.790 9.320 9.200 61698232 583934592  
600811 2015-01-09 9.930 10.300 9.850 9.760 73878792 736891904  
600811 2015-01-08 10.110 10.540 10.070 10.020 85477848 879007040  
600811 2015-01-07 10.080 10.340 10.060 9.880 68972040 696587904  
600811 2015-01-06 9.800 10.390 10.130 9.730 104456768 1056501312  
600811 2015-01-05 9.630 10.060 9.960 9.520 101848168 1003065344 
600811 2014-12-31 9.390 9.640 9.500 9.350 45916264 435667040  
600811 2014-12-30 9.510 9.580 9.380 9.330 42230100 399212320  
600811 2014-12-29 9.930 9.950 9.550 9.400 73874280 714543360  
600811 2014-12-26 9.300 9.780 9.720 9.210 76227864 729541632  
600811 2014-12-25 9.010 9.370 9.250 9.010 50412412 464071808  
600811 2014-12-24 9.400 9.510 9.040 8.900 57484592 526102432  
600811 2014-12-23 9.650 9.860 9.380 9.360 58117904 557994816  
600811 2014-12-22 9.580 10.000 9.870 9.290 93926736 914982976  
600811 2014-12-19 9.530 9.840 9.590 9.210 63191844 604808768  
600811 2014-12-18 9.980 10.100 9.680 9.640 69527104 681648640  
600811 2014-12-17 9.850 10.330 10.060 9.600 127488176 1270599680  
600811 2014-12-16 9.280 9.840 9.780 9.240 91037136 869709632  
600811 2014-12-15 9.090 9.340 9.300 8.920 56787400 518711296  
600811 2014-12-12 9.070 9.370 9.140 9.050 54926980 504499872  
600811 2014-12-11 9.200 9.370 9.110 9.010 64526928 592912320  
600811 2014-12-10 9.110 9.380 9.330 8.770 91482864 833677120  
600811 2014-12-09 9.580 10.350 9.100 8.900 159023264 1545959936  
600811 2014-12-08 9.150 9.880 9.640 8.980 137498512 1308022272  
600811 2014-12-05 9.600 9.890 9.310 8.910 165560800 1562477696  
600811 2014-12-04 8.900 9.700 9.560 8.850 176025648 1628409728  
600811 2014-12-03 8.660 9.200 9.170 8.500 196125152 1729093248  
600811 2014-12-02 7.900 8.630 8.470 7.890 127540488 1054597760  
600811 2014-12-01 8.240 8.300 7.890 7.860 90176448 728202176  
600811 2014-11-28 8.130 8.300 8.180 7.960 96538112 783090432  
600811 2014-11-27 8.010 8.160 8.110 7.910 99008832 795635008  
600811 2014-11-26 7.760 7.950 7.940 7.700 86043648 674602432  
600811 2014-11-25 7.650 7.750 7.710 7.580 63336748 485732224  
600811 2014-11-24 7.550 7.880 7.700 7.450 101780496 784862656  
600811 2014-11-21 7.260 7.490 7.460 7.140 65648432 481119168  
600811 2014-11-20 7.170 7.270 7.200 7.130 21658012 156379168  
600811 2014-11-19 7.400 7.420 7.200 7.180 45466628 330578368  
600811 2014-11-18 7.370 7.540 7.410 7.340 39223552 291840480  
600811 2014-11-17 7.450 7.530 7.390 7.330 44277892 329206816  
600811 2014-11-14 7.600 7.710 7.410 7.330 56314024 420609120  
600811 2014-11-13 7.530 7.930 7.670 7.480 112006888 862251136  
600811 2014-11-12 7.250 7.520 7.510 7.200 63429336 465486368  
600811 2014-11-11 7.200 7.680 7.310 7.180 107950568 797072320  
600811 2014-11-10 7.200 7.250 7.170 7.080 39398528 281636224  
600811 2014-11-07 7.100 7.260 7.070 7.020 56545348 405425600  
600811 2014-11-06 7.140 7.150 7.080 6.990 27719540 195858064  
600811 2014-11-05 7.000 7.240 7.170 6.950 46875332 333070336  
600811 2014-11-04 7.100 7.100 7.020 6.960 31198688 218812112  
600811 2014-11-03 7.120 7.150 7.100 7.050 32399008 229913200  
600811 2014-10-31 6.980 7.160 7.090 6.940 54141296 382363456  
600811 2014-10-30 6.840 6.920 6.900 6.830 27081640 186482912  
600811 2014-10-29 6.780 6.930 6.860 6.740 35378116 242714640  
600811 2014-10-28 6.620 6.770 6.740 6.590 22640928 151459856  
600811 2014-10-27 6.510 6.600 6.570 6.490 16057958 105083448  
600811 2014-10-24 6.580 6.620 6.550 6.520 19833024 130357456  
600811 2014-10-23 6.700 6.770 6.560 6.510 29710964 197118576  
600811 2014-10-22 6.880 6.940 6.720 6.700 24049512 163834528  
600811 2014-10-21 6.930 7.070 6.840 6.810 27838924 193426256  
600811 2014-10-20 6.880 7.010 6.970 6.830 27455752 190066240  
600811 2014-10-17 7.000 7.070 6.800 6.720 35723216 245503824  
600811 2014-10-16 7.060 7.170 7.030 7.010 35555080 252068912  
600811 2014-10-15 7.130 7.150 7.090 6.980 34852908 245750144  
600811 2014-10-14 7.210 7.330 7.170 7.120 38763316 279665984  
600811 2014-10-13 7.240 7.260 7.240 7.100 38171084 273714624  
600811 2014-10-10 7.180 7.440 7.250 7.150 68117664 495742976  
600811 2014-10-09 7.200 7.310 7.190 7.100 43663736 313865920  
600811 2014-10-08 7.140 7.280 7.230 7.080 58396080 420904000 
600811 2014-09-30 7.170 7.230 7.100 6.950 80520632 571861248  
600811 2014-09-29 7.260 7.480 7.290 7.150 84150680 614730368  
600811 2014-09-26 7.010 7.460 7.220 6.970 96188784 696114752  
600811 2014-09-25 7.070 7.330 7.020 6.960 109993976 785165952  
600811 2014-09-24 7.110 7.110 6.990 6.920 141574240 992235584  
600811 2014-09-23 6.360 6.970 6.970 6.360 113330360 780512192  
600811 2014-09-22 6.340 6.500 6.340 6.260 38506476 245188448  
600811 2014-09-19 6.240 6.390 6.370 6.170 39710112 250097328  
600811 2014-09-18 6.150 6.260 6.230 6.100 26343930 163523696  
600811 2014-09-17 6.070 6.160 6.150 6.060 21292698 130074480  
600811 2014-09-16 6.330 6.350 6.070 6.050 43673152 271101248  
600811 2014-09-15 6.200 6.340 6.330 6.140 41402044 258618272  
600811 2014-09-12 6.080 6.170 6.160 6.030 28061788 171389040  
600811 2014-09-11 6.040 6.220 6.080 6.020 48862416 299519104  
600811 2014-09-10 6.030 6.060 6.040 5.960 23588130 141605024  
600811 2014-09-09 6.060 6.080 6.030 6.000 22573288 136301024  
600811 2014-09-05 6.070 6.080 6.060 6.010 23892592 144619184  
600811 2014-09-04 6.040 6.060 6.050 5.980 23293168 140298288  
600811 2014-09-03 6.020 6.050 6.020 5.980 20216776 121583560  
600811 2014-09-02 5.910 6.010 6.000 5.890 21480400 128105512  
600811 2014-09-01 5.860 5.950 5.920 5.840 14235834 84003576  
600811 2014-08-29 5.800 5.900 5.860 5.780 11288708 65868968  
600811 2014-08-28 5.840 5.880 5.810 5.770 12478586 72538016  
600811 2014-08-27 5.880 6.020 5.870 5.860 20906272 124000544  
600811 2014-08-26 5.890 5.940 5.780 5.770 18080152 105534032  
600811 2014-08-25 5.970 6.010 5.900 5.870 18238584 108230256  
600811 2014-08-22 6.060 6.090 6.010 5.930 23025196 138132400  
600811 2014-08-21 5.990 6.100 6.080 5.940 34094128 205316976  
600811 2014-08-20 6.000 6.180 5.980 5.930 43420384 262895744  
600811 2014-08-19 5.870 6.020 5.970 5.780 43269120 255979632  
600811 2014-08-18 5.820 5.880 5.870 5.790 20534174 119883352  
600811 2014-08-15 5.750 5.840 5.810 5.720 19403240 112573632  
600811 2014-08-14 5.830 5.840 5.750 5.740 20369806 118212160  
600811 2014-08-13 5.870 5.910 5.840 5.770 17334244 101074824  
600811 2014-08-12 5.800 5.930 5.880 5.780 35379004 207736032  
600811 2014-08-11 5.660 5.820 5.790 5.640 23104324 132916288  
600811 2014-08-08 5.650 5.710 5.660 5.620 12580515 71195400  
600811 2014-08-07 5.780 5.850 5.650 5.620 22089684 126838656  
600811 2014-08-06 5.760 5.780 5.770 5.700 16852304 96822448  
600811 2014-08-05 5.770 5.810 5.780 5.720 17656744 101702208  
600811 2014-08-04 5.710 5.780 5.770 5.670 20875896 119823240  
600811 2014-08-01 5.700 5.880 5.660 5.640 31732730 183019984  
600811 2014-07-31 5.660 5.730 5.720 5.620 16633650 94388600  
600811 2014-07-30 5.700 5.730 5.670 5.630 19842464 112595872  
600811 2014-07-29 5.700 5.750 5.720 5.630 28694668 163013648  
600811 2014-07-28 5.590 5.780 5.690 5.580 40001992 227581040  
600811 2014-07-25 5.550 5.570 5.570 5.490 17432838 96516704  
600811 2014-07-24 5.460 5.570 5.530 5.430 24502000 135265712  
600811 2014-07-23 5.430 5.510 5.450 5.370 13964710 76036288  
600811 2014-07-22 5.380 5.450 5.430 5.370 10294032 55796868  
600811 2014-07-21 5.460 5.460 5.390 5.370 7203878 38947776  
600811 2014-07-18 5.370 5.450 5.430 5.350 9711678 52548832  
600811 2014-07-17 5.440 5.450 5.370 5.330 8738610 46984792  
600811 2014-07-16 5.500 5.540 5.430 5.420 10696544 58575236  
600811 2014-07-15 5.460 5.520 5.500 5.450 10728038 58941804  
600811 2014-07-14 5.480 5.500 5.470 5.400 11086745 60524160  
600811 2014-07-11 5.530 5.590 5.450 5.440 21814236 119832632  
600811 2014-07-10 5.540 5.650 5.570 5.490 23521872 130745272  
600811 2014-07-09 5.430 5.870 5.590 5.430 37417988 209257744  
600811 2014-07-08 5.430 5.520 5.480 5.380 24405704 132869080  
600811 2014-07-07 5.270 5.550 5.470 5.270 28090520 151647104  
600811 2014-07-04 5.230 5.330 5.290 5.220 12967246 68252360  
600811 2014-07-03 5.230 5.250 5.230 5.200 9362806 49016304  
600811 2014-07-02 5.220 5.240 5.230 5.170 12424350 64738096  
600811 2014-07-01 5.200 5.250 5.240 5.180 8488288 44301060 
600811 2014-06-30 5.220 5.240 5.190 5.180 9063803 47200176  
600811 2014-06-27 5.140 5.240 5.210 5.140 11188301 58132704  
600811 2014-06-26 5.150 5.190 5.180 5.110 16336588 84308752  
600811 2014-06-25 5.140 5.160 5.120 5.070 11130330 56847248  
600811 2014-06-24 4.990 5.190 5.170 4.980 18394532 93535568  
600811 2014-06-23 5.000 5.050 4.980 4.950 12602831 63085600  
600811 2014-06-20 4.960 5.010 5.000 4.950 6042195 30122220  
600811 2014-06-19 5.150 5.160 4.970 4.960 9546745 48164936  
600811 2014-06-18 5.230 5.230 5.170 5.160 7663645 39767932  
600811 2014-06-17 5.250 5.260 5.220 5.200 8743980 45692368  
600811 2014-06-16 5.260 5.280 5.270 5.220 15456437 81171120  
600811 2014-06-13 5.190 5.290 5.240 5.150 19399598 101543376  
600811 2014-06-12 5.200 5.230 5.180 5.150 6889088 35729512  
600811 2014-06-11 5.180 5.230 5.220 5.170 7465650 38857632  
600811 2014-06-10 5.150 5.210 5.180 5.130 9745783 50445396  
600811 2014-06-09 5.150 5.210 5.130 5.110 8448621 43604044  
600811 2014-06-06 5.300 5.300 5.160 5.080 22512900 116332496  
600811 2014-06-05 5.300 5.320 5.310 5.190 16699845 87480232  
600811 2014-06-04 5.430 5.430 5.300 5.260 10091046 53542264  
600811 2014-06-03 5.480 5.520 5.410 5.400 5472548 29879500  
600811 2014-05-30 5.450 5.500 5.470 5.380 7061777 38437040  
600811 2014-05-29 5.550 5.570 5.460 5.460 6764628 37271912  
600811 2014-05-28 5.520 5.550 5.550 5.450 9571280 52602832  
600811 2014-05-27 5.560 5.580 5.520 5.510 5579481 30891870  
600811 2014-05-26 5.640 5.640 5.580 5.550 4343286 24233592  
600811 2014-05-23 5.510 5.590 5.550 5.470 4737772 26235010  
600811 2014-05-22 5.560 5.640 5.520 5.510 4838184 26999016  
600811 2014-05-21 5.500 5.570 5.560 5.450 4329175 23950860  
600811 2014-05-20 5.540 5.580 5.510 5.500 3639615 20166276  
600811 2014-05-19 5.590 5.600 5.510 5.450 8752689 48123968  
600811 2014-05-16 5.570 5.640 5.600 5.540 6245538 34843736  
600811 2014-05-15 5.750 5.750 5.580 5.570 6037131 34152616  
600811 2014-05-14 5.700 5.780 5.740 5.700 4465855 25642796  
600811 2014-05-13 5.740 5.800 5.730 5.700 5542707 31828832  
600811 2014-05-12 5.670 5.810 5.760 5.650 8656868 49824848  
600811 2014-05-09 5.670 5.700 5.630 5.610 4703608 26568132  
600811 2014-05-08 5.650 5.770 5.640 5.600 5901347 33515212  
600811 2014-05-07 5.660 5.680 5.630 5.600 6824639 38465992  
600811 2014-05-06 5.610 5.730 5.700 5.560 10697067 60701840  
600811 2014-05-05 5.640 5.660 5.600 5.540 8848023 49381788  
600811 2014-04-30 5.640 5.680 5.630 5.580 8918500 50224440  
600811 2014-04-29 5.650 5.730 5.690 5.570 7882312 44510288  
600811 2014-04-28 5.720 5.750 5.630 5.570 10971467 61931368  
600811 2014-04-25 5.780 5.860 5.670 5.650 8596200 49434132  
600811 2014-04-24 5.850 5.850 5.760 5.710 8744708 50499668  
600811 2014-04-23 5.910 5.970 5.850 5.810 8658030 51131612  
600811 2014-04-22 5.910 5.970 5.940 5.830 11029495 64904728  
600811 2014-04-21 6.010 6.080 5.920 5.910 11573616 69537464  
600811 2014-04-18 6.050 6.120 6.080 5.980 10686615 64732804  
600811 2014-04-17 6.100 6.140 6.060 6.040 11259105 68417192  
600811 2014-04-16 6.050 6.130 6.110 6.030 10538424 64096128  
600811 2014-04-15 6.240 6.250 6.050 6.010 19282036 117742592  
600811 2014-04-14 6.180 6.250 6.240 6.130 16898112 104735576  
600811 2014-04-11 6.130 6.260 6.180 6.120 28670248 177853136  
600811 2014-04-10 6.230 6.270 6.140 6.080 30923048 190468736  
600811 2014-04-09 6.200 6.240 6.190 6.140 34492840 213188560  
600811 2014-04-08 5.610 6.170 6.170 5.580 47452952 286997056  
600811 2014-04-04 5.600 5.650 5.610 5.550 5882740 33027046  
600811 2014-04-03 5.640 5.680 5.600 5.590 6230974 35038016  
600811 2014-04-02 5.650 5.690 5.630 5.560 9232460 52014856  
600811 2014-04-01 5.800 5.820 5.650 5.580 21117612 120160912 
600811 2014-03-31 5.830 5.920 5.900 5.790 7567885 44329624  
600811 2014-03-28 5.800 5.970 5.830 5.760 9272619 54326336  
600811 2014-03-27 5.820 5.930 5.860 5.790 9354969 54778996  
600811 2014-03-26 5.860 5.940 5.830 5.830 7723551 45299624  
600811 2014-03-25 5.920 5.960 5.860 5.800 12361210 72671064  
600811 2014-03-24 5.750 5.950 5.930 5.720 20237732 118833952  
600811 2014-03-21 5.580 5.830 5.770 5.560 26329348 150881632  
600811 2014-03-20 5.600 5.780 5.600 5.580 12751004 72329504  
600811 2014-03-19 5.560 5.630 5.610 5.480 10663040 59254424  
600811 2014-03-18 5.520 5.690 5.600 5.520 11019141 61879840  
600811 2014-03-17 5.460 5.570 5.550 5.410 10627169 58632656  
600811 2014-03-14 5.430 5.500 5.420 5.380 6498718 35252072  
600811 2014-03-13 5.380 5.510 5.440 5.370 8286772 45133092  
600811 2014-03-12 5.370 5.430 5.390 5.300 9780533 52407648  
600811 2014-03-11 5.400 5.420 5.400 5.340 5973634 32179104  
600811 2014-03-10 5.660 5.690 5.400 5.150 16396063 90012320  
600811 2014-03-07 5.800 5.840 5.720 5.700 6910744 39835344  
600811 2014-03-06 5.760 5.830 5.820 5.630 9008211 51664272  
600811 2014-03-05 5.820 5.840 5.750 5.730 8640691 50081992  
600811 2014-03-04 5.850 5.870 5.790 5.760 10141263 58841424  
600811 2014-03-03 5.820 5.900 5.880 5.780 9413851 55100948  
600811 2014-02-28 5.770 5.870 5.820 5.630 9953376 57260844  
600811 2014-02-27 5.850 5.910 5.720 5.700 11859438 69113224  
600811 2014-02-26 5.790 5.880 5.850 5.700 12326224 71262256  
600811 2014-02-25 6.180 6.180 5.830 5.810 21190940 127306256  
600811 2014-02-24 6.170 6.200 6.160 6.130 11129399 68633088  
600811 2014-02-21 6.240 6.350 6.230 6.160 11307410 70561560  
600811 2014-02-20 6.380 6.470 6.240 6.230 20005610 127039232  
600811 2014-02-19 6.380 6.470 6.350 6.300 23279700 148488848  
600811 2014-02-18 6.300 6.470 6.400 6.270 27224100 173766960  
600811 2014-02-17 6.220 6.340 6.290 6.220 16277424 102185480  
600811 2014-02-14 6.180 6.250 6.190 6.140 14219305 88058096  
600811 2014-02-13 6.260 6.330 6.180 6.160 20986700 130872256  
600811 2014-02-12 6.160 6.310 6.280 6.060 26319250 162588592  
600811 2014-02-11 6.050 6.170 6.140 6.040 20498512 125458144  
600811 2014-02-10 5.870 6.080 6.050 5.860 19781688 119136456  
600811 2014-02-07 5.880 5.910 5.890 5.810 8206305 48140772  
600811 2014-01-30 6.050 6.050 5.880 5.870 10990891 65439428  
600811 2014-01-29 5.990 6.070 6.060 5.960 14025918 84509608  
600811 2014-01-28 6.030 6.030 5.980 5.940 6318445 37720328  
600811 2014-01-27 6.040 6.050 5.980 5.940 9982883 59725880  
600811 2014-01-24 5.910 6.090 6.080 5.900 14759790 88695600  
600811 2014-01-23 6.040 6.050 5.940 5.920 15806886 94627824  
600811 2014-01-22 5.920 6.070 6.040 5.900 17095452 102561752  
600811 2014-01-21 5.890 5.960 5.940 5.850 6954547 41181384  
600811 2014-01-20 5.910 5.980 5.860 5.800 7944339 46774764  
600811 2014-01-17 5.860 5.990 5.880 5.810 9691806 57065536  
600811 2014-01-16 5.820 6.000 5.910 5.770 12775956 75313424  
600811 2014-01-15 5.860 5.870 5.850 5.730 9430300 54611208  
600811 2014-01-14 5.750 5.850 5.840 5.660 8855391 51140516  
600811 2014-01-13 6.050 6.100 5.780 5.730 14372020 84370000  
600811 2014-01-10 5.850 6.060 5.950 5.820 12672813 75322248  
600811 2014-01-09 5.980 6.040 5.850 5.820 9311128 55572784  
600811 2014-01-08 5.900 6.020 5.990 5.870 10507108 62540668  
600811 2014-01-07 5.870 5.950 5.910 5.860 9178273 54166668  
600811 2014-01-06 5.980 5.980 5.870 5.850 12872091 75920320  
600811 2014-01-03 6.210 6.260 6.040 5.980 27701388 167817728  
600811 2014-01-02 6.250 6.320 6.250 6.230 10684087 66886492 
600811 2013-12-31 6.250 6.340 6.290 6.210 10637384 66843724  
600811 2013-12-30 6.340 6.350 6.250 6.150 17359698 108719680  
600811 2013-12-27 6.230 6.370 6.280 6.210 19356308 121861176  
600811 2013-12-26 6.780 6.810 6.240 6.220 42161584 272909952  
600811 2013-12-25 6.860 6.870 6.820 6.730 14373053 97734368  
600811 2013-12-24 6.750 6.870 6.860 6.610 21361520 144582048  
600811 2013-12-23 6.680 6.880 6.750 6.650 19889744 134499104  
600811 2013-12-20 6.620 6.760 6.680 6.550 17631136 117578888  
600811 2013-12-19 6.830 6.860 6.610 6.570 20676664 138786576  
600811 2013-12-18 6.930 7.040 6.790 6.700 21510338 147946352  
600811 2013-12-17 6.980 7.060 6.990 6.750 30936370 213568688  
600811 2013-12-16 7.390 7.570 7.010 6.990 56953496 414065024  
600811 2013-12-13 6.910 7.190 7.160 6.890 44826724 318073728  
600811 2013-12-12 7.060 7.080 7.000 6.880 39772452 278095360  
600811 2013-12-11 6.600 7.200 7.070 6.530 73953104 515593088  
600811 2013-12-10 6.880 6.890 6.610 6.570 72987512 490331584  
600811 2013-11-18 6.300 6.550 6.490 6.240 55388448 355524352  
600811 2013-11-15 6.060 6.370 6.250 6.050 39540184 246433760  
600811 2013-11-14 6.050 6.210 6.070 6.010 31214168 190696528  
600811 2013-11-13 5.820 6.340 6.100 5.660 40070532 239937264  
600811 2013-11-12 5.850 5.910 5.860 5.820 8386875 49163944  
600811 2013-11-11 5.910 5.960 5.830 5.800 11956752 70144312  
600811 2013-11-08 5.910 6.100 5.960 5.870 19775286 118811040  
600811 2013-11-07 5.940 6.030 5.940 5.820 12770899 76164720  
600811 2013-11-06 6.030 6.050 5.940 5.900 10911218 65233464  
600811 2013-11-05 5.910 6.090 6.030 5.770 17703780 105013472  
600811 2013-11-04 6.010 6.030 5.910 5.880 12289750 73301296  
600811 2013-11-01 6.150 6.150 5.990 5.880 17539492 105055432  
600811 2013-10-31 6.100 6.250 6.120 6.060 16058715 98701128  
600811 2013-10-30 5.900 6.080 6.030 5.900 10138871 60861592  
600811 2013-10-29 6.130 6.180 5.980 5.760 21897528 130453184  
600811 2013-10-28 5.980 6.180 6.150 5.950 16221841 99084216  
600811 2013-10-25 5.950 6.040 6.000 5.870 12147868 72326200  
600811 2013-10-24 6.060 6.080 5.940 5.930 14175032 85107456  
600811 2013-10-23 6.250 6.370 6.090 6.030 19705002 121736912  
600811 2013-10-22 6.280 6.390 6.240 6.200 21324692 134300640  
600811 2013-10-21 6.080 6.280 6.270 6.010 24441462 150682720  
600811 2013-10-18 5.960 6.070 6.000 5.940 11421762 68564264  
600811 2013-10-17 5.970 6.100 5.970 5.930 17035756 102552224  
600811 2013-10-16 6.130 6.130 5.900 5.860 22653118 135719744  
600811 2013-10-15 6.200 6.230 6.160 6.070 27534800 168678720  
600811 2013-10-14 6.270 6.390 6.190 6.180 34155760 214137760  
600811 2013-10-11 6.310 6.450 6.400 6.240 28785276 182953584  
600811 2013-10-10 6.190 6.470 6.250 6.140 36778584 232815280  
600811 2013-10-09 6.000 6.240 6.210 5.990 27093388 166783120  
600811 2013-10-08 6.080 6.130 6.050 5.920 25404204 153992288 
600811 2013-09-30 5.880 6.150 6.100 5.810 30025010 181719088  
600811 2013-09-27 5.890 6.180 5.880 5.780 57049812 339375936  
600811 2013-09-05 5.780 5.900 5.680 5.660 18975482 109307296  
600811 2013-09-04 5.850 5.860 5.790 5.740 19838180 114936824  
600811 2013-09-03 5.550 5.920 5.880 5.550 43323960 250631408  
600811 2013-09-02 5.710 5.720 5.530 5.440 25555024 141780240  
600811 2013-08-30 5.680 5.870 5.710 5.620 29550152 169259680  
600811 2013-08-29 5.520 5.870 5.710 5.450 34265968 193824544  
600811 2013-08-28 5.480 5.540 5.490 5.430 17170100 94190528  
600811 2013-08-27 5.510 5.550 5.530 5.420 17267622 94751968  
600811 2013-08-26 5.400 5.510 5.500 5.350 19541304 106699768  
600811 2013-08-23 5.310 5.390 5.360 5.160 18688066 99445256  
600811 2013-08-22 5.300 5.380 5.280 5.260 11440327 60918988  
600811 2013-08-21 5.280 5.340 5.320 5.230 8909812 47185004  
600811 2013-08-20 5.280 5.420 5.280 5.230 12930792 68817808  
600811 2013-08-19 5.160 5.350 5.320 5.130 12535501 65891968  
600811 2013-08-16 5.250 5.600 5.260 5.180 27754604 148933296  
600811 2013-08-15 5.440 5.450 5.290 5.270 16175098 86476048  
600811 2013-08-14 5.470 5.530 5.420 5.390 15688013 85689904  
600811 2013-08-13 5.460 5.500 5.460 5.390 15413271 83865648  
600811 2013-08-12 5.400 5.530 5.470 5.310 23306874 126836856  
600811 2013-08-09 5.530 5.560 5.360 5.270 25514738 137954976  
600811 2013-08-08 5.500 5.630 5.500 5.460 24532572 135826736  
600811 2013-08-07 5.500 5.670 5.610 5.400 53357684 294852704  
600811 2013-08-06 5.130 5.670 5.640 5.070 74827568 413594720  
600811 2013-08-05 5.080 5.150 5.150 5.040 18226540 92846584  
600811 2013-08-02 5.160 5.340 5.120 5.080 37478448 195168800  
600811 2013-08-01 4.770 5.140 5.100 4.750 26872060 134482816  
600811 2013-07-31 4.790 4.840 4.760 4.740 6108392 29258512  
600811 2013-07-30 4.710 4.860 4.770 4.710 8501459 40631068  
600811 2013-07-29 4.800 4.800 4.710 4.700 9998374 47404440  
600811 2013-07-26 4.870 4.880 4.850 4.820 10137220 49171640  
600811 2013-07-25 4.980 5.010 4.910 4.900 10876385 53857548  
600811 2013-07-24 4.960 5.030 4.950 4.840 11605317 57102392  
600811 2013-07-23 4.840 5.030 5.000 4.830 10425962 51745408  
600811 2013-07-22 4.800 4.870 4.840 4.710 8992080 43156040  
600811 2013-07-19 5.000 5.040 4.820 4.810 9962056 49260576  
600811 2013-07-18 5.050 5.070 4.990 4.970 8567819 42914120  
600811 2013-07-17 5.150 5.180 5.050 5.040 9240924 47144408  
600811 2013-07-16 5.060 5.170 5.170 5.020 11365705 58084244  
600811 2013-07-15 5.050 5.200 5.100 5.020 15188459 77500728  
600811 2013-07-12 5.180 5.200 4.990 4.960 17586920 89576624  
600811 2013-07-11 4.950 5.290 5.190 4.930 26842576 138200208  
600811 2013-07-10 4.740 4.980 4.930 4.700 12561413 61057404  
600811 2013-07-09 4.680 4.760 4.720 4.670 6731337 31709200  
600811 2013-07-08 4.870 4.870 4.680 4.670 11934914 56670384  
600811 2013-07-05 4.900 4.980 4.920 4.890 8868621 43790204  
600811 2013-07-04 4.820 4.980 4.870 4.800 9922252 48653908  
600811 2013-07-03 4.910 4.930 4.850 4.790 7779684 37750684  
600811 2013-07-02 4.960 4.980 4.940 4.880 8022497 39504760  
600811 2013-07-01 4.910 4.970 4.950 4.860 9526032 46871716 
600811 2013-06-28 4.790 5.000 4.930 4.710 12920078 63363008  
600811 2013-06-27 4.880 4.960 4.800 4.780 10988380 53533868  
600811 2013-06-26 4.900 4.940 4.870 4.740 11741833 56804912  
600811 2013-06-25 4.850 4.930 4.920 4.520 17659934 83829472  
600811 2013-06-24 5.280 5.280 4.850 4.820 15029411 75514376  
600811 2013-06-21 5.190 5.340 5.290 5.140 9702960 51064660  
600811 2013-06-20 5.450 5.470 5.270 5.260 8748724 47037976  
600811 2013-06-19 5.590 5.590 5.500 5.380 10815026 59140352  
600811 2013-06-18 5.650 5.690 5.640 5.560 7740207 43595376  
600811 2013-06-17 5.690 5.730 5.620 5.610 6625042 37452608  
600811 2013-06-14 5.670 5.700 5.680 5.610 7218770 40844420  
600811 2013-06-13 5.760 5.760 5.600 5.570 10320577 58056808  
600811 2013-06-07 6.020 6.100 5.830 5.820 15575771 92077616  
600811 2013-06-06 6.160 6.180 6.010 6.000 11150361 67861280  
600811 2013-06-05 6.160 6.230 6.190 6.120 9489027 58678100  
600811 2013-06-04 6.260 6.270 6.160 6.090 11844590 73031560  
600811 2013-06-03 6.120 6.320 6.270 6.110 17542472 109652120  
600811 2013-05-31 6.180 6.230 6.110 6.100 10722430 66107136  
600811 2013-05-30 6.250 6.270 6.170 6.140 12104451 75016496  
600811 2013-05-29 6.320 6.360 6.260 6.230 13575254 85258384  
600811 2013-05-28 6.180 6.310 6.310 6.110 17715372 110001104  
600811 2013-05-27 6.300 6.310 6.200 6.150 24027352 149193504  
600811 2013-05-24 6.220 6.340 6.320 6.170 14337995 89618160  
600811 2013-05-23 6.300 6.360 6.210 6.170 15885468 99545424  
600811 2013-05-22 6.120 6.450 6.380 6.060 33190320 208190576  
600811 2013-05-21 6.120 6.170 6.130 6.050 14232648 86915296  
600811 2013-05-20 6.030 6.210 6.120 6.000 20651268 126782024  
600811 2013-05-17 5.900 6.060 6.040 5.870 17330978 103722336  
600811 2013-05-16 5.720 5.920 5.900 5.690 13003770 76084368  
600811 2013-05-15 5.730 5.760 5.750 5.690 5498340 31503836  
600811 2013-05-14 5.820 5.840 5.710 5.670 8428014 48316708  
600811 2013-05-13 5.860 5.890 5.840 5.790 8261058 48155884  
600811 2013-05-10 5.820 5.890 5.870 5.780 10772346 62879208  
600811 2013-05-09 5.880 5.920 5.830 5.740 12634592 73638464  
600811 2013-05-08 5.830 5.990 5.890 5.820 16974914 100268152  
600811 2013-05-07 5.790 5.830 5.810 5.740 7994043 46226952  
600811 2013-05-06 5.780 5.880 5.820 5.780 11010604 64090688  
600811 2013-05-03 5.690 5.880 5.780 5.670 15444584 89692160  
600811 2013-05-02 5.490 5.760 5.690 5.450 19069956 107802608  
600811 2013-04-26 5.520 5.580 5.390 5.350 5983228 32720980  
600811 2013-04-25 5.580 5.650 5.520 5.500 6429107 35711592  
600811 2013-04-24 5.470 5.660 5.600 5.460 7979430 44332656  
600811 2013-04-23 5.710 5.720 5.470 5.440 10640784 58754356  
600811 2013-04-22 5.690 5.770 5.690 5.650 8139315 46383960  
600811 2013-04-19 5.500 5.780 5.740 5.480 15972450 90256640  
600811 2013-04-18 5.410 5.530 5.500 5.340 9912934 54070568  
600811 2013-04-17 5.510 5.530 5.470 5.420 6474283 35341116  
600811 2013-04-16 5.450 5.540 5.510 5.400 7517351 41067584  
600811 2013-04-15 5.550 5.600 5.510 5.480 5682879 31346612  
600811 2013-04-12 5.640 5.680 5.570 5.550 4685719 26254622  
600811 2013-04-11 5.680 5.720 5.640 5.630 5792049 32913138  
600811 2013-04-10 5.700 5.700 5.640 5.570 5849007 33026448  
600811 2013-04-09 5.660 5.770 5.700 5.650 6816346 38863736  
600811 2013-04-08 5.600 5.660 5.640 5.540 9005915 50465864  
600811 2013-04-03 5.800 5.840 5.740 5.680 6256867 36025688  
600811 2013-04-02 5.720 5.830 5.770 5.710 8463473 48881720  
600811 2013-04-01 5.730 5.770 5.740 5.660 8327159 47625840 
600811 2013-03-29 5.800 5.860 5.710 5.680 16639120 95621768  
600811 2013-03-28 6.140 6.140 5.800 5.700 26755358 157633888  
600811 2013-03-27 6.290 6.380 6.270 6.220 12550463 79043760  
600811 2013-03-26 6.400 6.400 6.270 6.210 19548636 122940912  
600811 2013-03-25 6.510 6.590 6.430 6.360 20905106 134951968  
600811 2013-03-22 6.270 6.520 6.450 6.250 26739522 171453856  
600811 2013-03-21 6.340 6.340 6.280 6.210 21106248 132605912  
600811 2013-03-20 6.070 6.310 6.300 6.050 26136336 162962768  
600811 2013-03-19 5.990 6.100 6.080 5.950 12501215 75597648  
600811 2013-03-18 5.960 6.070 5.960 5.910 8802697 52634116  
600811 2013-03-15 5.940 6.150 6.000 5.850 16035993 96523024  
600811 2013-03-14 5.850 6.080 5.890 5.830 14381792 86019584  
600811 2013-03-13 5.900 5.960 5.880 5.810 8662499 50920652  
600811 2013-03-12 6.080 6.140 5.930 5.810 13805019 82380376  
600811 2013-03-11 6.140 6.180 6.090 6.050 9822406 59954056  
600811 2013-03-08 6.100 6.220 6.180 6.050 17725716 108812360  
600811 2013-03-07 6.230 6.300 6.090 6.030 17347396 107238664  
600811 2013-03-06 6.130 6.290 6.190 6.060 22080188 136430576  
600811 2013-03-05 5.840 6.130 6.110 5.820 18103352 108454736  
600811 2013-03-04 6.220 6.230 5.850 5.780 29071392 174169920  
600811 2013-03-01 6.400 6.450 6.320 6.230 20597564 130286304  
600811 2013-02-28 6.200 6.440 6.410 6.170 24003988 151837696  
600811 2013-02-27 6.110 6.260 6.210 6.090 14682068 90644928  
600811 2013-02-26 6.100 6.320 6.070 6.030 28899616 179544528  
600811 2013-02-25 6.100 6.260 6.170 6.100 21751556 134499360  
600811 2013-02-22 6.170 6.220 6.090 6.070 15829464 97350128  
600811 2013-02-21 6.440 6.470 6.190 6.150 26965652 169337472  
600811 2013-02-20 6.510 6.550 6.540 6.360 21043086 135699936  
600811 2013-02-19 6.700 6.750 6.520 6.480 25202678 165451200  
600811 2013-02-18 6.790 6.890 6.710 6.690 24719014 167690144  
600811 2013-02-08 6.750 6.860 6.730 6.650 21797688 147357440  
600811 2013-02-07 7.040 7.120 6.780 6.640 45025376 309020256  
600811 2013-02-06 7.100 7.250 7.080 7.040 35195456 250620368  
600811 2013-02-05 6.750 7.220 7.090 6.700 50638096 356251360  
600811 2013-02-04 6.910 7.240 6.850 6.780 85437120 599890496  
600811 2013-02-01 6.320 6.880 6.850 6.200 76925976 503857632  
600811 2013-01-31 6.310 6.390 6.340 6.250 35963176 227353184  
600811 2013-01-30 6.490 6.710 6.320 6.290 86057312 557594880  
600811 2013-01-29 6.070 6.130 6.100 5.980 41122796 249394608  
600811 2013-01-28 5.680 6.220 6.110 5.660 76805368 463767200  
600811 2013-01-25 5.650 5.770 5.650 5.610 19442328 110308720  
600811 2013-01-24 5.680 5.840 5.620 5.580 43378840 247691536  
600811 2013-01-23 5.530 5.750 5.670 5.500 32614636 183834560  
600811 2013-01-22 5.470 5.630 5.550 5.410 38496892 212711696  
600811 2013-01-21 5.460 5.490 5.450 5.420 20754172 113194976  
600811 2013-01-18 5.380 5.480 5.440 5.370 17795388 96600728  
600811 2013-01-17 5.370 5.450 5.350 5.320 14069053 75716520  
600811 2013-01-16 5.440 5.460 5.370 5.300 17590284 94715160  
600811 2013-01-15 5.360 5.530 5.460 5.350 25139540 136727440  
600811 2013-01-14 5.200 5.400 5.370 5.180 18416160 98055648  
600811 2013-01-11 5.350 5.350 5.200 5.170 14974526 78727016  
600811 2013-01-10 5.330 5.410 5.340 5.300 9425383 50442508  
600811 2013-01-09 5.310 5.380 5.340 5.310 10681360 57133604  
600811 2013-01-08 5.410 5.450 5.360 5.330 17798848 95752208  
600811 2013-01-07 5.380 5.470 5.430 5.350 17062296 92408624  
600811 2013-01-04 5.490 5.560 5.410 5.410 29461836 161422240 
600811 2012-12-31 5.280 5.450 5.430 5.280 29532510 159157200  
600811 2012-12-28 5.220 5.300 5.280 5.160 15687198 82216496  
600811 2012-12-27 5.310 5.320 5.190 5.180 16146268 84395240  
600811 2012-12-26 5.300 5.360 5.280 5.250 14553389 77158288  
600811 2012-12-25 5.150 5.370 5.300 5.150 22180540 117362304  
600811 2012-12-24 5.170 5.250 5.150 5.150 9672064 50250628  
600811 2012-12-21 5.190 5.260 5.170 5.130 11021006 57109608  
600811 2012-12-20 5.180 5.220 5.180 5.100 12456701 64327668  
600811 2012-12-19 5.240 5.270 5.190 5.160 12142813 63155720  
600811 2012-12-18 5.240 5.320 5.240 5.190 21562304 113434112  
600811 2012-12-17 5.290 5.340 5.250 5.190 26118276 137100800  
600811 2012-12-14 4.790 5.260 5.260 4.760 46313280 237465024  
600811 2012-12-13 4.840 4.850 4.780 4.770 6441005 30926870  
600811 2012-12-12 4.800 4.860 4.830 4.780 5885896 28347134  
600811 2012-12-11 4.870 4.880 4.800 4.790 9880899 47799580  
600811 2012-12-10 4.830 4.900 4.880 4.790 12256402 59477504  
600811 2012-12-07 4.690 4.840 4.810 4.660 14334859 68587920  
600811 2012-12-06 4.700 4.740 4.680 4.620 8055564 37732040  
600811 2012-12-05 4.540 4.740 4.700 4.520 12022896 56197724  
600811 2012-12-04 4.510 4.560 4.540 4.440 7265172 32650356  
600811 2012-12-03 4.550 4.600 4.490 4.480 3980897 18112896  
600811 2012-11-30 4.500 4.600 4.550 4.490 4397916 20035260  
600811 2012-11-29 4.560 4.610 4.500 4.490 4073220 18519724  
600811 2012-11-28 4.590 4.590 4.530 4.530 5062585 23050272  
600811 2012-11-27 4.720 4.730 4.600 4.590 5394905 25092910  
600811 2012-11-26 4.730 4.780 4.740 4.720 3088603 14663470  
600811 2012-11-23 4.750 4.790 4.760 4.730 3490467 16628528  
600811 2012-11-22 4.760 4.780 4.740 4.730 3279552 15578726  
600811 2012-11-21 4.730 4.810 4.790 4.660 4125574 19585980  
600811 2012-11-20 4.740 4.760 4.710 4.710 2747079 13006066  
600811 2012-11-19 4.730 4.750 4.730 4.660 3517752 16590364  
600811 2012-11-16 4.810 4.830 4.730 4.700 5382036 25521840  
600811 2012-11-15 4.880 4.920 4.800 4.790 4249823 20628944  
600811 2012-11-14 4.900 4.930 4.900 4.860 3167351 15489197  
600811 2012-11-13 4.910 4.970 4.900 4.880 6635907 32648320  
600811 2012-11-12 4.870 4.960 4.910 4.860 4932297 24248568  
600811 2012-11-09 4.840 4.880 4.850 4.820 3759060 18256832  
600811 2012-11-08 4.980 4.980 4.860 4.850 6577707 32317284  
600811 2012-11-07 5.010 5.030 4.990 4.960 3911945 19527228  
600811 2012-11-06 5.050 5.070 5.020 4.950 5713679 28501226  
600811 2012-11-05 5.050 5.080 5.050 5.010 4871902 24551028  
600811 2012-11-02 5.020 5.060 5.050 4.990 8431564 42372460  
600811 2012-11-01 4.940 5.030 5.010 4.900 7035012 35071152  
600811 2012-10-31 4.870 4.960 4.920 4.870 6425079 31602390  
600811 2012-10-30 4.850 4.930 4.850 4.850 4663816 22801296  
600811 2012-10-29 4.910 4.930 4.850 4.840 4524477 22066080  
600811 2012-10-26 5.020 5.050 4.910 4.850 9672579 47641428  
600811 2012-10-25 5.040 5.110 5.030 5.030 6073703 30757080  
600811 2012-10-24 5.050 5.100 5.050 5.030 5395269 27311654  
600811 2012-10-23 5.090 5.150 5.080 5.070 8760888 44793980  
600811 2012-10-22 5.030 5.100 5.070 5.000 5514942 27886800  
600811 2012-10-19 5.060 5.080 5.040 5.030 5508440 27843884  
600811 2012-10-18 5.000 5.080 5.070 4.990 8583566 43301496  
600811 2012-10-17 5.010 5.030 4.990 4.940 5233169 26107600  
600811 2012-10-16 5.000 5.040 5.000 4.960 5596083 27976656  
600811 2012-10-15 5.020 5.030 5.000 4.910 6609088 32869040  
600811 2012-10-12 5.050 5.140 5.050 5.000 7452379 37700872  
600811 2012-10-11 5.060 5.080 5.000 5.000 5578102 28124752  
600811 2012-10-10 5.060 5.090 5.080 5.030 6606079 33458202  
600811 2012-10-09 4.990 5.090 5.070 4.970 7679624 38752644  
600811 2012-10-08 4.980 5.030 4.960 4.900 6097628 30253932 
600811 2012-09-28 4.930 5.000 4.990 4.880 7931857 39250992  
600811 2012-09-27 4.780 4.980 4.950 4.770 8694435 42520524  
600811 2012-09-26 4.870 4.880 4.780 4.750 4940683 23722724  
600811 2012-09-25 4.960 4.970 4.870 4.810 6417987 31431808  
600811 2012-09-24 4.980 5.000 4.960 4.890 5532187 27355480  
600811 2012-09-21 5.010 5.050 4.980 4.980 6001573 30038356  
600811 2012-09-20 5.120 5.140 5.020 5.000 6715616 33932628  
600811 2012-09-19 5.120 5.160 5.160 5.080 5056541 25866332  
600811 2012-09-18 5.100 5.150 5.100 5.080 5114326 26132548  
600811 2012-09-17 5.280 5.280 5.120 5.110 7825936 40723112  
600811 2012-09-14 5.240 5.320 5.290 5.200 9585342 50419112  
600811 2012-09-13 5.300 5.310 5.210 5.200 7843595 41279900  
600811 2012-09-12 5.330 5.340 5.310 5.250 8852142 46781344  
600811 2012-09-11 5.300 5.300 5.280 5.250 7972687 42084288  
600811 2012-09-10 5.320 5.390 5.330 5.290 10908259 58252824  
600811 2012-09-07 5.130 5.380 5.320 5.130 18015264 95009848  
600811 2012-09-06 5.060 5.100 5.100 5.040 6364227 32269724  
600811 2012-09-05 5.120 5.130 5.060 5.000 10973916 55429680  
600811 2012-09-04 5.280 5.290 5.120 5.100 11074065 57448408  
600811 2012-09-03 5.240 5.300 5.280 5.200 7303202 38461136  
600811 2012-08-31 5.330 5.350 5.240 5.220 6753998 35633144  
600811 2012-08-30 5.340 5.390 5.300 5.260 4691829 24942276  
600811 2012-08-29 5.320 5.380 5.330 5.320 3198283 17106708  
600811 2012-08-28 5.230 5.410 5.350 5.230 5170206 27609678  
600811 2012-08-27 5.420 5.420 5.290 5.270 6520071 34826236  
600811 2012-08-24 5.510 5.520 5.420 5.410 7596326 41387216  
600811 2012-08-23 5.510 5.560 5.530 5.490 5616983 31031756  
600811 2012-08-22 5.530 5.580 5.510 5.470 6680184 36896484  
600811 2012-08-21 5.520 5.590 5.580 5.480 6827895 37925944  
600811 2012-08-20 5.500 5.540 5.520 5.460 4235729 23290644  
600811 2012-08-17 5.520 5.550 5.530 5.470 4299277 23692518  
600811 2012-08-16 5.500 5.560 5.530 5.490 4250567 23496984  
600811 2012-08-15 5.580 5.620 5.530 5.490 7326535 40699116  
600811 2012-08-14 5.570 5.620 5.610 5.450 10612945 58754732  
600811 2012-08-13 5.540 5.670 5.550 5.520 16061823 90052776  
600811 2012-08-10 5.580 5.600 5.510 5.500 8814379 48855168  
600811 2012-08-09 5.550 5.590 5.590 5.500 6158234 34147524  
600811 2012-08-08 5.600 5.620 5.540 5.530 6839637 38056856  
600811 2012-08-07 5.560 5.610 5.610 5.550 7722477 43147684  
600811 2012-08-06 5.510 5.590 5.560 5.480 6863771 38058176  
600811 2012-08-03 5.450 5.500 5.500 5.370 5018686 27338422  
600811 2012-08-02 5.490 5.510 5.420 5.350 4923969 26711372  
600811 2012-08-01 5.420 5.550 5.510 5.420 4662204 25683236  
600811 2012-07-31 5.460 5.490 5.440 5.420 4374631 23862440  
600811 2012-07-30 5.480 5.530 5.450 5.440 4623386 25365024  
600811 2012-07-27 5.480 5.550 5.480 5.450 4861156 26747312  
600811 2012-07-26 5.560 5.590 5.490 5.480 5786468 31969764  
600811 2012-07-25 5.670 5.680 5.550 5.540 5342046 29952672  
600811 2012-07-24 5.610 5.710 5.670 5.590 5725587 32368688  
600811 2012-07-23 5.600 5.700 5.640 5.510 9085469 51141056  
600811 2012-07-20 5.640 5.710 5.610 5.600 5858886 33087084  
600811 2012-07-19 5.660 5.750 5.680 5.600 10174342 57866460  
600811 2012-07-18 5.550 5.660 5.650 5.530 10332294 57934376  
600811 2012-07-17 5.470 5.600 5.550 5.390 6304855 34538112  
600811 2012-07-16 5.610 5.610 5.450 5.430 6685590 36765880  
600811 2012-07-13 5.600 5.640 5.580 5.570 5638753 31582558  
600811 2012-07-12 5.540 5.640 5.630 5.460 9113039 50659368  
600811 2012-07-11 5.500 5.580 5.560 5.490 4360728 24196798  
600811 2012-07-10 5.450 5.550 5.510 5.440 5323866 29265732  
600811 2012-07-09 5.560 5.640 5.460 5.450 7179569 39865728  
600811 2012-07-06 5.500 5.610 5.600 5.440 5941140 32847436  
600811 2012-07-05 5.570 5.570 5.470 5.450 5398417 29666624  
600811 2012-07-04 5.580 5.620 5.580 5.540 4806302 26848174  
600811 2012-07-03 5.560 5.640 5.590 5.550 6043304 33858384  
600811 2012-07-02 5.610 5.610 5.580 5.540 5041217 28091948 
600811 2012-06-28 5.600 5.640 5.480 5.470 5154548 28702336  
600811 2012-06-27 5.580 5.660 5.580 5.560 4397073 24664364  
600811 2012-06-26 5.570 5.640 5.590 5.560 5035163 28175720  
600811 2012-06-25 5.680 5.730 5.580 5.570 5828047 32965080  
600811 2012-06-21 5.830 5.840 5.680 5.680 6133503 35183432  
600811 2012-06-20 5.860 5.870 5.840 5.810 4818202 28151144  
600811 2012-06-19 5.860 5.880 5.830 5.800 4011371 23402448  
600811 2012-06-18 5.870 5.920 5.870 5.850 5918976 34833432  
600811 2012-06-15 5.790 5.860 5.850 5.760 7832527 45612896  
600811 2012-06-14 5.770 5.820 5.770 5.750 6718180 38881060  
600811 2012-06-13 5.720 5.820 5.800 5.690 6983169 40301076  
600811 2012-06-12 5.760 5.790 5.720 5.700 5660422 32425388  
600811 2012-06-11 5.730 5.810 5.790 5.700 6610561 38047776  
600811 2012-06-08 5.780 5.810 5.700 5.680 6294158 36153476  
600811 2012-06-07 5.890 5.900 5.720 5.720 6599061 38251848  
600811 2012-06-06 5.810 5.880 5.820 5.780 5804688 33839588  
600811 2012-06-05 5.840 5.870 5.790 5.760 7484758 43500988  
600811 2012-06-04 5.980 6.000 5.830 5.820 12507434 74009880  
600811 2012-06-01 6.030 6.160 6.080 6.030 11394978 69610680  
600811 2012-05-31 6.070 6.100 6.030 6.010 9754023 59019304  
600811 2012-05-30 6.110 6.150 6.100 6.040 8603369 52342112  
600811 2012-05-29 6.010 6.130 6.080 6.000 15982064 97214360  
600811 2012-05-28 5.810 6.020 6.000 5.800 13345885 79099144  
600811 2012-05-25 5.920 5.950 5.840 5.800 9066959 53327896  
600811 2012-05-24 5.950 6.030 5.910 5.890 7933990 47280888  
600811 2012-05-23 6.050 6.060 5.970 5.930 9647463 57882048  
600811 2012-05-22 6.020 6.080 6.070 6.020 8690035 52619376  
600811 2012-05-21 6.010 6.060 5.990 5.950 7748706 46537504  
600811 2012-05-18 6.020 6.120 6.000 5.970 13162598 79344592  
600811 2012-05-17 5.900 6.080 6.080 5.880 14679341 88177520  
600811 2012-05-16 6.040 6.090 5.900 5.880 11611286 69521824  
600811 2012-05-15 6.030 6.090 6.060 5.980 11252717 67824072  
600811 2012-05-14 6.160 6.190 6.080 6.070 10363686 63664508  
600811 2012-05-11 6.130 6.230 6.110 6.090 9861188 60808072  
600811 2012-05-10 6.190 6.200 6.150 6.120 11562841 71257464  
600811 2012-05-09 6.370 6.370 6.140 6.130 22965220 143081056  
600811 2012-05-08 6.420 6.470 6.430 6.320 18203860 116515520  
600811 2012-05-07 6.300 6.440 6.420 6.290 23365884 149198464  
600811 2012-05-04 6.290 6.370 6.350 6.240 24559668 154615968  
600811 2012-05-03 6.300 6.370 6.290 6.280 21248360 134152616  
600811 2012-05-02 6.320 6.420 6.340 6.260 26767030 169968560  
600811 2012-04-27 6.350 6.410 6.210 6.190 20615336 129206056  
600811 2012-04-26 6.400 6.480 6.350 6.300 28739152 183315088  
600811 2012-04-25 6.120 6.730 6.480 6.090 68053040 435459616  
600811 2012-04-24 6.020 6.200 6.130 5.920 25432898 154040992  
600811 2012-04-23 6.110 6.240 6.080 6.040 25612252 157768416  
600811 2012-04-20 5.940 6.170 6.120 5.930 23618574 143798320  
600811 2012-04-19 6.020 6.040 5.960 5.930 10986438 65695884  
600811 2012-04-18 5.930 6.080 6.030 5.890 17738944 106361640  
600811 2012-04-17 6.010 6.030 5.890 5.870 16472843 97621544  
600811 2012-04-16 5.750 6.050 6.030 5.720 28089192 166350816  
600811 2012-04-13 5.810 5.830 5.770 5.740 12636737 73056720  
600811 2012-04-12 5.620 5.800 5.770 5.620 15566115 89049944  
600811 2012-04-11 5.590 5.670 5.630 5.550 7788609 43762528  
600811 2012-04-10 5.530 5.660 5.650 5.440 9619863 53306968  
600811 2012-04-09 5.560 5.630 5.530 5.520 10180561 56741468  
600811 2012-04-06 5.570 5.600 5.580 5.520 9444252 52487328  
600811 2012-04-05 5.410 5.580 5.560 5.380 10577355 58380576 
600811 2012-03-30 5.380 5.470 5.420 5.380 6011553 32567336  
600811 2012-03-29 5.460 5.500 5.380 5.360 8040859 43732592  
600811 2012-03-28 5.710 5.720 5.500 5.450 11606853 64722592  
600811 2012-03-27 5.780 5.810 5.710 5.690 6779880 38951256  
600811 2012-03-26 5.760 5.820 5.740 5.710 5439833 31330858  
600811 2012-03-23 5.920 5.930 5.790 5.760 13144855 76740080  
600811 2012-03-22 5.940 5.980 5.950 5.910 10513922 62536764  
600811 2012-03-21 5.950 5.990 5.940 5.880 11759820 69767504  
600811 2012-03-20 6.050 6.090 5.910 5.900 15429478 92431640  
600811 2012-03-19 6.050 6.100 6.090 5.980 14508566 87727152  
600811 2012-03-16 5.930 6.080 6.070 5.880 15485675 92814216  
600811 2012-03-15 5.940 6.000 5.920 5.850 18540710 110085216  
600811 2012-03-14 6.220 6.320 5.930 5.870 34888392 214798528  
600811 2012-03-13 6.120 6.240 6.200 6.110 19604344 120877288  
600811 2012-03-12 6.150 6.200 6.130 6.070 18067696 110682640  
600811 2012-03-09 6.090 6.150 6.150 6.050 18074024 110181872  
600811 2012-03-08 5.990 6.100 6.060 5.980 17368850 104900416  
600811 2012-03-07 5.960 6.080 5.970 5.920 21801930 130423944  
600811 2012-03-06 6.170 6.190 6.010 6.000 24486992 148225696  
600811 2012-03-05 6.230 6.290 6.190 6.170 17110670 106599984  
600811 2012-03-02 6.170 6.240 6.230 6.150 12023577 74604760  
600811 2012-03-01 6.120 6.210 6.150 6.110 9586908 58983060  
600811 2012-02-29 6.260 6.300 6.140 6.140 13721801 85239984  
600811 2012-02-28 6.170 6.270 6.220 6.130 19159636 118609960  
600811 2012-02-27 6.220 6.300 6.180 6.170 25218718 157362816  
600811 2012-02-24 6.110 6.230 6.220 6.100 19812668 122464664  
600811 2012-02-23 6.150 6.220 6.120 6.080 21802572 133812264  
600811 2012-02-22 6.000 6.160 6.150 5.960 27288482 165923360  
600811 2012-02-21 5.930 6.000 6.000 5.860 11597088 68897784  
600811 2012-02-20 6.050 6.080 5.930 5.920 14609491 87762144  
600811 2012-02-17 6.030 6.100 5.990 5.960 18545498 111958792  
600811 2012-02-16 5.970 6.050 6.020 5.920 30024610 179970320  
600811 2012-02-15 5.810 5.980 5.970 5.770 24417632 143823024  
600811 2012-02-14 5.870 5.900 5.830 5.780 11550401 67373880  
600811 2012-02-13 5.780 5.920 5.900 5.750 18569804 109132664  
600811 2012-02-10 5.780 5.900 5.840 5.770 15479088 90502256  
600811 2012-02-09 5.810 5.880 5.820 5.740 17408358 101349360  
600811 2012-02-08 5.680 5.830 5.810 5.620 17994454 103070992  
600811 2012-02-07 5.810 5.810 5.670 5.630 11731034 66760460  
600811 2012-02-06 5.860 5.880 5.830 5.770 12183545 71014400  
600811 2012-02-03 5.840 5.880 5.860 5.770 15752586 91928976  
600811 2012-02-02 5.750 5.860 5.850 5.700 13014413 75260672  
600811 2012-02-01 5.800 5.840 5.700 5.680 10866706 62386936  
600811 2012-01-31 5.810 5.850 5.830 5.730 7890783 45612840  
600811 2012-01-30 5.930 5.930 5.810 5.790 17792260 104238432  
600811 2012-01-20 5.730 5.880 5.850 5.690 16769165 97479336  
600811 2012-01-19 5.630 5.750 5.700 5.580 14226742 80956680  
600811 2012-01-18 5.720 5.800 5.600 5.580 14374525 81634912  
600811 2012-01-17 5.380 5.730 5.710 5.330 17833072 98892448  
600811 2012-01-16 5.450 5.500 5.340 5.330 8364537 45377820  
600811 2012-01-13 5.610 5.650 5.470 5.410 12168118 67210424  
600811 2012-01-12 5.630 5.700 5.620 5.590 12615994 71150048  
600811 2012-01-11 5.670 5.740 5.650 5.620 17910200 101671408  
600811 2012-01-10 5.520 5.750 5.700 5.480 25333736 142779088  
600811 2012-01-09 5.300 5.520 5.500 5.240 14018835 75760624  
600811 2012-01-06 5.170 5.290 5.270 5.150 7567214 39436320  
600811 2012-01-05 5.350 5.460 5.180 5.180 10025693 53424220  
600811 2012-01-04 5.550 5.570 5.350 5.340 9226450 50573808 
600811 2011-12-30 5.400 5.550 5.490 5.400 9545874 52408288  
600811 2011-12-29 5.370 5.460 5.390 5.350 6448992 34886384  
600811 2011-12-28 5.360 5.420 5.400 5.270 6817228 36420052  
600811 2011-12-27 5.470 5.510 5.380 5.360 6728071 36504512  
600811 2011-12-26 5.500 5.570 5.480 5.450 6361198 35023948  
600811 2011-12-23 5.460 5.620 5.530 5.430 8644197 47803604  
600811 2011-12-22 5.500 5.570 5.460 5.280 10735114 58201876  
600811 2011-12-21 5.810 5.830 5.530 5.510 11445604 65131116  
600811 2011-12-20 5.730 5.840 5.730 5.710 10395451 60046944  
600811 2011-12-19 5.690 5.810 5.770 5.550 12855653 73038136  
600811 2011-12-16 5.550 5.760 5.740 5.550 14059648 79381248  
600811 2011-12-15 5.580 5.640 5.550 5.500 11319963 63162836  
600811 2011-12-14 5.730 5.820 5.630 5.560 10261806 58479716  
600811 2011-12-13 5.900 5.910 5.750 5.690 16833154 97409424  
600811 2011-12-09 6.010 6.070 6.010 5.950 10218940 61367212  
600811 2011-12-08 6.010 6.180 6.100 5.910 18162600 110548352  
600811 2011-12-07 5.970 6.050 6.010 5.950 8218102 49391712  
600811 2011-12-06 5.920 6.060 6.000 5.880 12717352 75906432  
600811 2011-12-05 6.140 6.140 5.920 5.860 15656810 93921568  
600811 2011-12-02 6.130 6.260 6.140 6.070 14724831 90779872  
600811 2011-12-01 6.320 6.420 6.180 6.150 26588786 167491648  
600811 2011-11-30 6.570 6.580 6.140 6.030 29200498 183540304  
600811 2011-11-29 6.620 6.630 6.580 6.500 18866108 123793144  
600811 2011-11-28 6.470 6.630 6.560 6.430 19206708 125574224  
600811 2011-11-25 6.450 6.550 6.460 6.430 14749461 95820104  
600811 2011-11-24 6.500 6.570 6.480 6.410 20004272 129951752  
600811 2011-11-23 6.620 6.630 6.520 6.470 15944809 104393112  
600811 2011-11-22 6.570 6.650 6.600 6.470 18004100 118421120  
600811 2011-11-21 6.600 6.670 6.640 6.560 15970132 105543320  
600811 2011-11-18 6.680 6.780 6.600 6.570 23922756 159559056  
600811 2011-11-17 6.860 6.920 6.800 6.760 25889476 177065904  
600811 2011-11-16 7.150 7.180 6.830 6.780 42746080 297163104  
600811 2011-11-15 7.160 7.220 7.190 7.070 31969666 228547824  
600811 2011-11-14 7.170 7.280 7.170 7.070 43019964 308535488  
600811 2011-11-11 7.010 7.250 7.090 6.960 55027176 391617984  
600811 2011-11-10 7.090 7.180 6.990 6.970 58704848 414862080  
600811 2011-11-09 7.160 7.320 7.250 6.970 79329328 568650240  
600811 2011-11-08 7.530 7.550 7.150 7.100 82853656 604094016  
600811 2011-11-07 7.450 7.560 7.540 7.360 104508232 780082624  
600811 2011-11-04 7.250 7.520 7.520 7.210 215206416 1606175360  
600811 2011-11-03 6.840 6.840 6.840 6.840 25073492 171502688  
600811 2011-11-02 6.020 6.250 6.220 5.990 15249572 93690888  
600811 2011-11-01 6.060 6.170 6.120 6.040 9384876 57292600  
600811 2011-10-31 6.180 6.210 6.120 6.070 17519288 107359856  
600811 2011-10-28 6.000 6.040 6.030 5.920 9626580 57610112  
600811 2011-10-27 5.920 5.960 5.910 5.880 5356915 31679132  
600811 2011-10-26 5.800 6.010 5.900 5.780 14108421 83517056  
600811 2011-10-25 5.670 5.880 5.810 5.660 8554736 49617556  
600811 2011-10-24 5.580 5.770 5.720 5.520 6338738 35998200  
600811 2011-10-21 5.610 5.680 5.550 5.550 4061652 22736312  
600811 2011-10-20 5.820 5.840 5.580 5.520 8672804 48959936  
600811 2011-10-19 5.880 5.970 5.860 5.830 3457644 20334100  
600811 2011-10-18 5.940 6.030 5.860 5.850 7700141 45893540  
600811 2011-10-17 6.040 6.080 5.980 5.950 4612813 27726248  
600811 2011-10-14 6.050 6.060 6.020 5.950 5491715 32964414  
600811 2011-10-13 5.960 6.140 6.050 5.740 12149190 73505008  
600811 2011-10-12 5.720 5.980 5.960 5.720 9303903 54917804  
600811 2011-10-11 5.900 5.930 5.780 5.700 4867887 28240722  
600811 2011-10-10 5.750 5.850 5.730 5.700 3347669 19288004 
600811 2011-09-30 5.790 5.820 5.750 5.710 4994808 28796800  
600811 2011-09-29 5.910 5.910 5.760 5.730 8284884 48110360  
600811 2011-09-28 6.200 6.200 5.930 5.910 9953727 60079528  
600811 2011-09-27 6.180 6.200 6.140 6.110 8981571 55245984  
600811 2011-09-23 6.180 6.260 6.210 6.110 6186484 38288376  
600811 2011-09-22 6.400 6.430 6.230 6.220 7930326 50145720  
600811 2011-09-21 6.260 6.490 6.460 6.220 8945423 57316776  
600811 2011-09-20 6.290 6.330 6.260 6.200 3839596 24004652  
600811 2011-09-19 6.360 6.360 6.260 6.260 3931007 24758908  
600811 2011-09-16 6.460 6.510 6.400 6.390 4499184 28982212  
600811 2011-09-15 6.380 6.530 6.440 6.340 9484457 61173968  
600811 2011-09-14 6.340 6.380 6.360 6.220 6423881 40577056  
600811 2011-09-13 6.350 6.350 6.320 6.220 5918038 37208864  
600811 2011-09-09 6.440 6.530 6.430 6.410 8808426 57043976  
600811 2011-09-08 6.450 6.500 6.380 6.370 9344346 60212272  
600811 2011-09-07 6.250 6.400 6.380 6.250 7622376 48212448  
600811 2011-09-06 6.170 6.270 6.220 6.170 5627099 35037300  
600811 2011-09-05 6.360 6.370 6.210 6.200 9212682 57588680  
600811 2011-09-02 6.440 6.460 6.420 6.320 6110320 39082100  
600811 2011-09-01 6.600 6.610 6.440 6.410 7228006 46951204  
600811 2011-08-31 6.610 6.660 6.560 6.480 9856932 64837324  
600811 2011-08-30 6.600 6.850 6.590 6.540 28486184 190526208  
600811 2011-08-29 6.460 6.560 6.480 6.410 10185997 66012604  
600811 2011-08-26 6.510 6.540 6.500 6.430 10759271 69720632  
600811 2011-08-25 6.340 6.540 6.530 6.320 17881906 115574504  
600811 2011-08-24 6.490 6.510 6.300 6.280 14880767 95043776  
600811 2011-08-23 6.350 6.470 6.440 6.310 8061188 51694712  
600811 2011-08-22 6.300 6.390 6.310 6.260 6222541 39306052  
600811 2011-08-19 6.210 6.340 6.300 6.210 8520889 53556908  
600811 2011-08-17 6.470 6.540 6.500 6.420 7053921 45787564  
600811 2011-08-16 6.540 6.580 6.450 6.430 8146017 53010772  
600811 2011-08-15 6.530 6.570 6.530 6.470 10599455 69208136  
600811 2011-08-12 6.390 6.540 6.500 6.390 12892768 83525888  
600811 2011-08-11 6.170 6.420 6.410 6.140 13607804 85724904  
600811 2011-08-10 6.410 6.460 6.260 6.240 17041988 108570784  
600811 2011-08-09 6.190 6.380 6.300 6.150 15586561 97758272  
600811 2011-08-08 6.610 6.710 6.390 6.200 17148126 111597240  
600811 2011-08-05 6.740 6.840 6.710 6.670 13592689 91724344  
600811 2011-08-04 6.920 7.050 6.960 6.920 9587497 66980460  
600811 2011-08-03 6.850 6.980 6.920 6.840 8817570 61210876  
600811 2011-08-02 6.910 6.930 6.880 6.750 9233843 63115572  
600811 2011-08-01 6.940 6.980 6.960 6.850 6266679 43378336  
600811 2011-07-29 6.900 7.010 6.910 6.850 12108098 83946248  
600811 2011-07-28 6.950 6.950 6.890 6.850 11653236 80386632  
600811 2011-07-27 6.930 7.050 7.010 6.800 14141894 98318440  
600811 2011-07-26 6.980 7.020 6.960 6.890 10853395 75439880  
600811 2011-07-25 7.290 7.290 7.000 6.970 20088880 142358992  
600811 2011-07-22 7.300 7.380 7.320 7.250 12297750 89851512  
600811 2011-07-21 7.430 7.480 7.280 7.280 14471156 106117920  
600811 2011-07-20 7.470 7.560 7.450 7.340 17104520 127528200  
600811 2011-07-19 7.530 7.550 7.420 7.370 16657130 123869336  
600811 2011-07-18 7.630 7.650 7.550 7.460 17600678 132280040  
600811 2011-07-15 7.530 7.630 7.580 7.480 34553160 261004336  
600811 2011-07-14 7.050 7.700 7.600 7.040 76960232 573489152  
600811 2011-07-13 6.950 7.060 7.040 6.910 11234856 78678776  
600811 2011-07-12 7.090 7.100 6.900 6.890 16328297 113997360  
600811 2011-07-11 7.060 7.200 7.150 7.040 12831105 91517544  
600811 2011-07-08 7.070 7.140 7.080 7.010 9799632 69284352  
600811 2011-07-07 7.120 7.160 7.070 7.060 13302433 94648728  
600811 2011-07-06 7.180 7.180 7.110 7.040 14390718 102099288  
600811 2011-07-05 7.240 7.240 7.190 7.160 10584689 76020824  
600811 2011-07-04 7.130 7.260 7.230 7.100 19260772 138528688  
600811 2011-07-01 7.010 7.170 7.130 6.960 22570524 159449088 
600811 2011-06-29 7.050 7.090 6.880 6.860 13075653 91232768  
600811 2011-06-28 6.990 7.060 7.040 6.940 12784776 89663056  
600811 2011-06-27 6.920 7.050 6.970 6.920 13200699 92276288  
600811 2011-06-24 6.760 7.070 6.960 6.760 17792704 123401680  
600811 2011-06-23 6.680 6.840 6.800 6.600 9405168 63300576  
600811 2011-06-22 6.780 6.810 6.690 6.660 7986036 53659832  
600811 2011-06-21 6.790 6.810 6.800 6.640 7733572 52065336  
600811 2011-06-20 6.870 6.880 6.730 6.680 8608178 58143136  
600811 2011-06-17 6.860 6.980 6.880 6.800 8274677 57135320  
600811 2011-06-16 7.090 7.100 6.910 6.880 12046111 84311592  
600811 2011-06-15 7.110 7.240 7.160 7.090 11933741 85415400  
600811 2011-06-14 7.040 7.170 7.130 7.040 9917289 70502840  
600811 2011-06-13 7.020 7.080 7.040 6.970 6916904 48512376  
600811 2011-06-10 7.040 7.120 7.060 6.970 8254916 58100672  
600811 2011-06-09 7.200 7.220 7.040 7.020 11383973 80975384  
600811 2011-06-08 7.160 7.310 7.250 7.040 16110007 115173504  
600811 2011-06-07 7.170 7.240 7.200 7.140 10230744 73444496  
600811 2011-06-03 7.140 7.250 7.200 7.140 9291126 66909684  
600811 2011-06-02 7.200 7.270 7.170 7.030 15876603 113625128  
600811 2011-06-01 7.200 7.480 7.320 7.130 25346102 185663232  
600811 2011-05-31 7.000 7.210 7.200 6.960 16140979 114917408  
600811 2011-05-30 7.000 7.220 7.050 7.000 15944071 113605800  
600811 2011-05-27 7.220 7.220 6.930 6.920 14441229 101530880  
600811 2011-05-26 7.140 7.260 7.160 7.110 10216937 73462936  
600811 2011-05-25 7.150 7.250 7.090 7.050 9044086 64651956  
600811 2011-05-24 7.200 7.240 7.130 7.030 9946651 70661432  
600811 2011-05-23 7.370 7.530 7.260 7.220 14261753 105494264  
600811 2011-05-20 7.310 7.430 7.400 7.290 7942409 58516496  
600811 2011-05-19 7.460 7.460 7.350 7.320 8660145 63860224  
600811 2011-05-18 7.360 7.440 7.420 7.310 8995177 66450440  
600811 2011-05-17 7.410 7.490 7.380 7.350 14529605 107586768  
600811 2011-05-16 7.660 7.680 7.420 7.400 17198924 129276192  
600811 2011-05-13 7.660 7.690 7.660 7.520 9733944 74218000  
600811 2011-05-12 7.660 7.740 7.640 7.600 13952256 107026192  
600811 2011-05-11 7.650 7.790 7.710 7.620 15045596 116054704  
600811 2011-05-10 7.670 7.710 7.650 7.590 10133149 77383096  
600811 2011-05-09 7.690 7.730 7.710 7.650 10245684 78740296  
600811 2011-05-06 7.550 7.770 7.700 7.440 17786152 135156368  
600811 2011-05-05 7.480 7.630 7.610 7.450 10888991 82440416  
600811 2011-05-04 7.550 7.650 7.480 7.470 16337474 123564352  
600811 2011-05-03 7.480 7.570 7.550 7.430 11735835 88329152  
600811 2011-04-29 7.320 7.470 7.420 7.300 9361995 69225896  
600811 2011-04-28 7.540 7.600 7.290 7.290 12386330 92285616  
600811 2011-04-27 7.610 7.650 7.530 7.450 10832167 82004960  
600811 2011-04-26 7.680 7.720 7.580 7.530 13222228 100491952  
600811 2011-04-25 8.010 8.010 7.680 7.660 21830962 170333344  
600811 2011-04-22 8.150 8.170 7.970 7.950 18536730 149287792  
600811 2011-04-21 8.160 8.250 8.170 8.080 20984960 171546848  
600811 2011-04-20 8.210 8.230 8.160 8.050 19920972 162052176  
600811 2011-04-19 8.250 8.370 8.170 8.120 20574958 169414096  
600811 2011-04-18 8.190 8.350 8.320 8.120 27431978 226103136  
600811 2011-04-15 8.130 8.300 8.190 8.110 16363298 134289440  
600811 2011-04-14 8.260 8.270 8.150 8.130 15744997 128815184  
600811 2011-04-13 8.200 8.310 8.270 8.090 20699368 170055376  
600811 2011-04-12 8.130 8.350 8.290 8.060 28651604 235833184  
600811 2011-04-11 8.220 8.320 8.120 8.100 24896500 204499664  
600811 2011-04-08 8.000 8.230 8.170 7.980 22676156 184203472  
600811 2011-04-07 7.900 8.100 8.050 7.890 29337356 235327152  
600811 2011-04-06 8.000 8.050 7.900 7.880 20030930 159636416  
600811 2011-04-01 7.980 8.060 8.000 7.910 13521164 108118160 
600811 2011-03-31 8.160 8.230 7.940 7.850 25317848 202398048  
600811 2011-03-30 8.200 8.290 8.150 8.080 15948431 131002488  
600811 2011-03-29 8.450 8.480 8.170 8.120 35032732 289221952  
600811 2011-03-28 8.750 8.760 8.440 8.360 36713872 314744640  
600811 2011-03-25 8.700 8.850 8.780 8.690 19544588 171715648  
600811 2011-03-24 8.670 8.830 8.740 8.580 25384796 221494848  
600811 2011-03-23 8.550 8.730 8.670 8.530 15660152 135260080  
600811 2011-03-22 8.740 8.740 8.550 8.380 18039894 153879072  
600811 2011-03-21 8.730 8.870 8.690 8.630 20401496 178547104  
600811 2011-03-18 8.660 8.780 8.630 8.600 12583379 109060584  
600811 2011-03-17 8.800 8.960 8.650 8.620 28475280 250169056  
600811 2011-03-16 8.620 8.930 8.910 8.570 39593568 348475712  
600811 2011-03-15 8.720 8.720 8.580 8.430 31375608 268699232  
600811 2011-03-14 8.700 8.820 8.780 8.500 28208696 244549152  
600811 2011-03-11 8.620 8.860 8.710 8.620 27079504 236871696  
600811 2011-03-10 8.840 8.970 8.690 8.660 34704792 304482368  
600811 2011-03-09 9.180 9.190 8.900 8.840 37007932 332772160  
600811 2011-03-08 9.060 9.240 9.150 8.920 31655288 287692096  
600811 2011-03-07 9.080 9.240 9.030 8.950 33473048 302502368  
600811 2011-03-04 8.920 9.150 9.080 8.830 29403710 265219136  
600811 2011-03-03 9.270 9.330 8.950 8.830 50152912 452401792  
600811 2011-03-02 9.450 9.500 9.270 9.130 43675544 405774368  
600811 2011-03-01 9.230 9.550 9.470 9.190 63414924 592959808  
600811 2011-02-28 8.970 9.550 9.290 8.950 70113936 654206336  
600811 2011-02-25 8.910 9.120 8.930 8.800 25108304 225097456  
600811 2011-02-24 9.100 9.130 8.950 8.780 47250016 421781632  
600811 2011-02-23 8.970 9.530 9.150 8.900 80829968 745612480  
600811 2011-02-22 8.780 9.190 9.030 8.630 76016904 681177856  
600811 2011-02-21 8.650 8.970 8.800 8.620 35214184 310551232  
600811 2011-02-18 9.080 9.120 8.720 8.670 49048224 432776704  
600811 2011-02-17 8.890 9.250 9.120 8.840 54983852 498039392  
600811 2011-02-16 8.700 9.030 8.890 8.660 43049512 383270464  
600811 2011-02-15 8.740 9.060 8.730 8.700 45361112 401457216  
600811 2011-02-14 8.820 9.090 8.750 8.730 59509388 527820960  
600811 2011-02-11 8.500 9.000 8.860 8.350 69611648 601389120  
600811 2011-02-10 8.530 8.620 8.570 8.310 54117000 459168800  
600811 2011-02-09 7.800 8.610 8.400 7.750 71479000 594947392  
600811 2011-02-01 7.790 8.010 7.840 7.730 25215926 198754016  
600811 2011-01-31 7.310 7.980 7.870 7.290 30916920 235708352  
600811 2011-01-28 7.490 7.520 7.310 7.290 21028852 154836720  
600811 2011-01-27 7.350 7.640 7.490 7.280 18167554 136369504  
600811 2011-01-26 7.270 7.510 7.410 7.270 12312310 91222896  
600811 2011-01-25 7.430 7.510 7.260 7.160 15432220 112514568  
600811 2011-01-24 7.600 7.690 7.430 7.400 14671488 110742248  
600811 2011-01-21 7.600 7.740 7.630 7.400 26525104 201189792  
600811 2011-01-20 8.010 8.190 7.690 7.620 31047928 246195968  
600811 2011-01-19 7.770 8.080 8.020 7.720 30496672 243180592  
600811 2011-01-18 7.980 8.130 7.770 7.600 23838560 186651216  
600811 2011-01-17 8.250 8.350 8.020 7.930 29043380 236061968  
600811 2011-01-14 7.960 8.360 8.320 7.950 49531012 407034400  
600811 2011-01-13 8.150 8.170 7.950 7.950 17612008 141449136  
600811 2011-01-12 8.060 8.140 8.110 7.910 26799574 215349024  
600811 2011-01-11 7.970 8.160 8.100 7.790 45952180 369325952  
600811 2011-01-10 7.500 8.070 7.960 7.440 59286672 462569952  
600811 2011-01-07 7.510 7.660 7.490 7.410 19710070 148668592  
600811 2011-01-06 7.640 7.750 7.510 7.480 23995748 181589120  
600811 2011-01-05 7.800 7.850 7.650 7.630 25410052 195697152  
600811 2011-01-04 7.890 7.960 7.860 7.700 24312802 190186928 
600811 2010-12-31 7.780 7.880 7.840 7.670 22468924 174652000  
600811 2010-12-30 7.570 7.950 7.820 7.500 37663248 293468032  
600811 2010-12-29 7.400 7.600 7.580 7.310 22047818 164894960  
600811 2010-12-28 7.610 7.700 7.360 7.340 23575908 176857952  
600811 2010-12-27 7.860 8.020 7.630 7.550 30826540 240596816  
600811 2010-12-24 7.900 8.050 7.830 7.790 29299688 231648480  
600811 2010-12-23 8.100 8.220 7.920 7.910 30499120 245574768  
600811 2010-12-22 8.420 8.420 8.170 8.120 32892506 271650720  
600811 2010-12-21 8.410 8.520 8.420 8.250 34656264 290537216  
600811 2010-12-20 8.750 8.910 8.460 8.180 46551600 397479968  
600811 2010-12-17 8.710 8.870 8.780 8.610 23029616 202038976  
600811 2010-12-16 8.800 8.840 8.680 8.600 29714168 257836160  
600811 2010-12-15 9.120 9.200 8.820 8.770 40895032 365436576  
600811 2010-12-14 8.980 9.090 8.990 8.610 52633228 466149248  
600811 2010-12-13 8.710 9.050 8.930 8.690 34008644 302808320  
600811 2010-12-10 8.550 8.800 8.690 8.430 28912656 249030192  
600811 2010-12-09 9.030 9.070 8.550 8.500 49512164 435497824  
600811 2010-12-08 9.320 9.490 9.100 9.050 37376948 345987520  
600811 2010-12-07 8.880 9.540 9.360 8.710 51705256 475092992  
600811 2010-12-06 8.950 9.170 8.910 8.790 32327824 289293984  
600811 2010-12-03 9.010 9.130 8.960 8.810 36392232 324646304  
600811 2010-12-02 9.220 9.600 9.070 9.010 47103220 438588736  
600811 2010-12-01 9.200 9.320 9.050 8.950 43564344 397019392  
600811 2010-11-30 9.500 9.720 9.340 8.900 79744848 737816768  
600811 2010-11-29 9.420 9.770 9.610 9.350 75833528 725320320  
600811 2010-11-26 9.000 9.650 9.490 8.700 93459824 857652480  
600811 2010-11-25 9.140 9.640 9.120 8.900 93588432 866090752  
600811 2010-11-24 9.080 9.500 9.180 8.930 106299944 979906304  
600811 2010-11-23 8.430 9.200 9.100 8.250 125833256 1104664192  
600811 2010-11-22 8.450 8.700 8.410 8.290 83777304 712292416  
600811 2010-11-19 7.760 8.450 8.450 7.710 91003984 736871616  
600811 2010-11-18 8.050 8.150 7.680 7.410 52843708 408011584  
600811 2010-11-17 8.010 8.260 7.890 7.700 69407328 551914688  
600811 2010-11-16 8.420 8.870 8.190 7.800 114567264 961670272  
600811 2010-11-15 8.400 8.640 8.480 8.010 114255904 958968896  
600811 2010-11-12 7.830 8.600 8.400 7.830 213616368 1798936832  
600811 2010-11-11 7.960 8.110 7.820 7.710 86185368 684295872  
600811 2010-11-10 7.670 8.330 7.890 7.550 166692992 1319296256  
600811 2010-11-09 7.060 7.700 7.700 7.030 160537440 1217875200  
600811 2010-11-08 7.030 7.050 7.000 6.910 33548650 233948720  
600811 2010-11-05 7.170 7.250 6.950 6.890 45125472 316894528  
600811 2010-11-04 6.730 7.060 6.980 6.700 50641388 349700768  
600811 2010-11-03 6.790 6.950 6.670 6.660 35734032 242876800  
600811 2010-11-02 6.590 6.950 6.790 6.520 64736128 441777152  
600811 2010-11-01 6.450 6.670 6.590 6.410 37883016 249344128  
600811 2010-10-29 6.360 6.480 6.430 6.270 22054178 140786112  
600811 2010-10-28 6.350 6.430 6.350 6.280 17638496 112225312  
600811 2010-10-27 6.530 6.590 6.370 6.360 24816996 160750000  
600811 2010-10-26 6.610 6.650 6.540 6.450 31044628 202944880  
600811 2010-10-25 6.370 6.720 6.640 6.340 51509796 338058752  
600811 2010-10-22 6.310 6.450 6.400 6.170 36488372 230552576  
600811 2010-10-21 6.360 6.470 6.350 6.300 25961398 165566800  
600811 2010-10-20 6.320 6.430 6.370 6.270 35255768 223902192  
600811 2010-10-19 6.440 6.470 6.450 6.300 32566864 207830368  
600811 2010-10-18 6.580 6.680 6.410 6.390 70006152 456270656  
600811 2010-10-15 6.260 6.430 6.380 6.130 44110652 278167264  
600811 2010-10-14 6.380 6.500 6.300 6.260 43032656 274460928  
600811 2010-10-13 6.370 6.440 6.360 6.270 41981172 267085968  
600811 2010-10-12 6.090 6.510 6.380 6.040 60769444 384387808  
600811 2010-10-11 6.090 6.280 6.110 6.060 43723488 269680704  
600811 2010-10-08 5.950 6.090 6.040 5.920 35350376 213167936 
600811 2010-09-30 5.710 5.880 5.870 5.700 16315868 95012104  
600811 2010-09-29 5.850 5.880 5.750 5.730 14506923 84066200  
600811 2010-09-28 5.790 5.950 5.860 5.720 26189800 153388944  
600811 2010-09-27 5.760 5.850 5.790 5.700 12270432 71100792  
600811 2010-09-21 5.650 5.770 5.730 5.640 15811681 90298816  
600811 2010-09-20 5.610 5.750 5.670 5.560 20761186 117626680  
600811 2010-09-17 5.580 5.630 5.590 5.520 13199072 73631736  
600811 2010-09-16 5.750 5.790 5.580 5.510 21141308 118912120  
600811 2010-09-15 5.790 5.860 5.770 5.730 19579704 113790360  
600811 2010-09-14 5.920 5.940 5.800 5.730 22858916 133550960  
600811 2010-09-13 5.830 5.950 5.920 5.790 22484208 131893360  
600811 2010-09-10 5.930 5.930 5.820 5.760 25751236 150024112  
600811 2010-09-09 6.090 6.100 5.910 5.890 23928858 143757968  
600811 2010-09-08 6.090 6.110 6.080 6.030 17316828 105184584  
600811 2010-09-07 6.130 6.200 6.100 6.060 16480735 100511240  
600811 2010-09-06 6.040 6.120 6.120 6.010 28872596 175545648  
600811 2010-09-03 6.010 6.060 6.020 5.940 20032742 120196624  
600811 2010-09-02 6.070 6.080 5.990 5.970 21879920 131336488  
600811 2010-09-01 6.200 6.220 6.000 5.910 25517116 154866624  
600811 2010-08-31 6.200 6.300 6.200 6.160 22434766 139508848  
600811 2010-08-30 6.150 6.250 6.230 6.100 29501924 182295440  
600811 2010-08-27 6.130 6.150 6.110 6.040 15370396 93832360  
600811 2010-08-26 6.230 6.260 6.150 6.080 30760564 189297824  
600811 2010-08-25 6.240 6.310 6.210 6.140 31427200 195437616  
600811 2010-08-24 6.230 6.320 6.290 6.120 24411324 151877920  
600811 2010-08-23 6.330 6.360 6.250 6.220 19924924 125016704  
600811 2010-08-20 6.290 6.420 6.330 6.210 50058916 316620064  
600811 2010-08-19 6.250 6.360 6.320 6.250 29836074 188193840  
600811 2010-08-18 6.300 6.390 6.290 6.210 36419436 229865488  
600811 2010-08-17 6.250 6.270 6.240 6.160 23695778 147342208  
600811 2010-08-16 6.100 6.280 6.230 6.050 30012776 186379232  
600811 2010-08-13 6.040 6.130 6.110 5.970 16331642 98921440  
600811 2010-08-12 6.080 6.160 6.040 6.010 20551772 124783712  
600811 2010-08-11 6.090 6.240 6.170 6.070 20926736 128612832  
600811 2010-08-10 6.250 6.330 6.110 6.060 41506164 256948640  
600811 2010-08-09 6.220 6.400 6.350 6.160 50073400 315750944  
600811 2010-08-06 6.060 6.250 6.230 6.020 42145480 258993008  
600811 2010-08-05 5.990 6.150 6.050 5.980 37901176 229897648  
600811 2010-08-04 5.930 5.980 5.960 5.850 15098945 89544032  
600811 2010-08-03 6.080 6.080 5.960 5.940 24502220 146891696  
600811 2010-08-02 5.960 6.080 6.060 5.940 23134128 139296672  
600811 2010-07-30 6.020 6.030 5.960 5.900 15939131 95078528  
600811 2010-07-29 5.950 6.080 6.040 5.910 32021848 191849632  
600811 2010-07-28 5.800 6.020 5.980 5.800 36041076 214141872  
600811 2010-07-27 5.850 5.860 5.770 5.770 12404691 71940384  
600811 2010-07-26 5.830 5.880 5.870 5.760 19893836 116052688  
600811 2010-07-23 5.810 5.830 5.830 5.730 16044772 92860952  
600811 2010-07-22 5.730 5.820 5.820 5.690 16040962 92592248  
600811 2010-07-21 5.750 5.830 5.740 5.710 17799992 102767432  
600811 2010-07-20 5.630 5.770 5.760 5.610 19178680 109590472  
600811 2010-07-19 5.430 5.650 5.630 5.430 9033169 50269316  
600811 2010-07-16 5.500 5.550 5.520 5.400 7800518 42718700  
600811 2010-07-15 5.610 5.670 5.520 5.460 12129693 67618144  
600811 2010-07-14 5.600 5.740 5.660 5.590 19836908 112318456  
600811 2010-07-13 5.720 5.720 5.580 5.540 12637720 70938768  
600811 2010-07-12 5.710 5.800 5.770 5.700 19614760 113048928  
600811 2010-07-09 5.630 5.770 5.740 5.580 19695808 112138032  
600811 2010-07-08 5.650 5.700 5.630 5.590 8747174 49363124  
600811 2010-07-07 5.610 5.650 5.640 5.560 9025200 50715684  
600811 2010-07-06 5.500 5.630 5.600 5.480 9269841 51704728  
600811 2010-07-05 5.510 5.610 5.520 5.400 8603795 47279556  
600811 2010-07-02 5.610 5.670 5.570 5.330 10932835 60283780  
600811 2010-07-01 5.640 5.880 5.630 5.510 14836247 83869864 
600811 2010-06-29 6.190 6.190 5.710 5.680 19927166 117451448  
600811 2010-06-28 6.180 6.250 6.190 6.040 20677824 127397440  
600811 2010-06-25 6.130 6.300 6.240 6.090 22758756 140867040  
600811 2010-06-24 6.000 6.220 6.210 5.920 28991800 176389488  
600811 2010-06-23 5.830 6.140 6.040 5.810 29914808 180317328  
600811 2010-06-22 5.850 5.910 5.880 5.820 14596758 85623952  
600811 2010-06-21 5.720 5.870 5.860 5.640 13498139 78148744  
600811 2010-06-18 5.810 5.860 5.670 5.620 9870137 56439348  
600811 2010-06-17 5.860 5.930 5.810 5.810 9459712 55497440  
600811 2010-06-11 5.750 5.880 5.820 5.750 15886017 92815520  
600811 2010-06-10 5.740 5.820 5.750 5.720 10556005 60857916  
600811 2010-06-09 5.650 5.810 5.810 5.590 14114498 80709832  
600811 2010-06-08 5.590 5.680 5.640 5.540 5606565 31488188  
600811 2010-06-07 5.590 5.690 5.590 5.510 8608282 48204404  
600811 2010-06-04 5.630 5.780 5.740 5.580 8397563 47636504  
600811 2010-06-03 5.760 5.800 5.660 5.650 8805896 50613076  
600811 2010-06-02 5.680 5.740 5.730 5.600 6952630 39502012  
600811 2010-06-01 5.760 5.820 5.680 5.590 9135846 52047796  
600811 2010-05-31 6.000 6.040 5.800 5.760 9895454 58523492  
600811 2010-05-28 6.090 6.130 6.000 5.960 10674725 64419956  
600811 2010-05-27 5.970 6.050 6.020 5.810 13559723 80735208  
600811 2010-05-26 5.960 6.040 5.950 5.910 7881945 47084364  
600811 2010-05-25 5.970 6.050 5.950 5.920 10976068 65648984  
600811 2010-05-24 5.830 6.070 6.010 5.820 17754754 106180592  
600811 2010-05-21 5.600 5.800 5.790 5.510 12011502 68110360  
600811 2010-05-20 5.930 6.040 5.770 5.730 11316190 66651288  
600811 2010-05-19 6.000 6.060 5.950 5.900 10165408 60904064  
600811 2010-05-18 5.950 6.080 6.000 5.860 10624605 63529788  
600811 2010-05-17 6.380 6.380 5.960 5.950 17497660 107001992  
600811 2010-05-14 6.440 6.590 6.440 6.400 13618798 88192912  
600811 2010-05-13 6.380 6.540 6.520 6.270 14012144 89767432  
600811 2010-05-12 6.390 6.530 6.360 6.180 11845844 75197448  
600811 2010-05-11 6.900 6.930 6.450 6.410 11567737 77524520  
600811 2010-05-10 6.730 6.840 6.760 6.580 9162069 61442336  
600811 2010-05-07 6.650 6.960 6.740 6.560 11461546 77612112  
600811 2010-05-06 6.980 7.050 6.830 6.770 14492064 100356184  
600811 2010-05-05 6.850 7.030 7.000 6.750 13326708 92290536  
600811 2010-05-04 6.840 7.010 6.920 6.750 11869251 81963624  
600811 2010-04-30 7.100 7.150 6.900 6.810 18662836 129526176  
600811 2010-04-29 7.260 7.410 7.200 7.190 14236080 103852936  
600811 2010-04-28 7.150 7.290 7.210 7.130 10970749 79134896  
600811 2010-04-27 7.510 7.520 7.260 7.070 17499770 126619704  
600811 2010-04-26 7.550 7.600 7.510 7.490 11131980 83963464  
600811 2010-04-23 7.420 7.670 7.560 7.390 26121164 197308608  
600811 2010-04-22 7.550 7.570 7.450 7.370 18496916 138059936  
600811 2010-04-21 7.280 7.680 7.580 7.260 29111744 218240848  
600811 2010-04-20 7.180 7.350 7.310 7.070 26692664 192297792  
600811 2010-04-19 7.670 7.670 7.160 7.140 43050764 320296832  
600811 2010-04-16 7.960 7.960 7.770 7.700 24346222 189916816  
600811 2010-04-15 7.940 8.030 7.960 7.860 30848854 244991872  
600811 2010-04-14 7.900 7.970 7.960 7.790 43196904 341209472  
600811 2010-04-13 7.720 7.960 7.850 7.670 49004832 384194880  
600811 2010-04-12 7.860 7.880 7.720 7.700 32549798 253364576  
600811 2010-04-09 7.840 7.900 7.860 7.780 27693734 217300656  
600811 2010-04-08 7.950 7.950 7.850 7.760 43892204 344600960  
600811 2010-04-07 7.960 7.990 7.950 7.880 20845054 165562512  
600811 2010-04-06 7.990 8.010 7.970 7.890 37150112 295497056  
600811 2010-04-02 8.050 8.070 7.970 7.940 28928726 231373200  
600811 2010-04-01 8.000 8.120 8.040 7.980 31177436 250831136 
600811 2010-03-31 7.910 8.250 8.070 7.830 45998904 366296672  
600811 2010-03-30 7.780 8.020 7.960 7.720 55182044 435438144  
600811 2010-03-29 7.650 7.850 7.780 7.620 40157616 311340768  
600811 2010-03-26 7.400 7.700 7.610 7.380 28724532 216794832  
600811 2010-03-25 7.560 7.660 7.400 7.390 27380832 206001968  
600811 2010-03-24 7.560 7.620 7.600 7.440 29473914 222082160  
600811 2010-03-23 7.710 7.810 7.560 7.550 26767920 205641184  
600811 2010-03-22 7.730 7.760 7.710 7.640 20803746 160144832  
600811 2010-03-19 7.630 7.720 7.710 7.600 25590926 196186528  
600811 2010-03-18 7.690 7.740 7.610 7.550 35673656 272111968  
600811 2010-03-17 7.630 7.780 7.700 7.550 28269798 216785408  
600811 2010-03-15 7.430 7.850 7.590 7.380 64309636 491404000  
600811 2010-03-12 7.400 7.620 7.410 7.390 23376988 175219872  
600811 2010-03-11 7.540 7.600 7.390 7.350 21550028 160561600  
600811 2010-03-10 7.730 7.750 7.520 7.500 25597268 194438192  
600811 2010-03-09 7.820 7.830 7.750 7.680 17114430 132787632  
600811 2010-03-08 7.710 7.890 7.850 7.620 25354362 196576848  
600811 2010-03-05 7.650 7.770 7.730 7.580 32591732 250463968  
600811 2010-03-04 8.040 8.130 7.630 7.620 61658016 485918016  
600811 2010-03-03 7.810 8.080 8.020 7.800 55920664 443849760  
600811 2010-03-02 7.790 7.880 7.840 7.670 45983424 357641792  
600811 2010-03-01 7.890 7.970 7.790 7.710 59867196 470212768  
600811 2010-02-26 8.020 8.080 7.920 7.910 33892876 270632544  
600811 2010-02-25 7.990 8.150 8.060 7.880 63368976 508505280  
600811 2010-02-24 7.750 7.990 7.980 7.670 50002924 391366976  
600811 2010-02-23 7.590 7.850 7.810 7.530 52672920 407891968  
600811 2010-02-22 7.640 7.700 7.600 7.540 27578816 210121296  
600811 2010-02-12 7.550 7.650 7.640 7.450 30982856 234002144  
600811 2010-02-11 7.570 7.720 7.510 7.500 31807724 242233744  
600811 2010-02-10 7.670 7.690 7.610 7.460 31117686 235068512  
600811 2010-02-09 7.700 7.730 7.620 7.520 46379456 352756992  
600811 2010-02-08 7.320 7.930 7.800 7.280 86088224 655770240  
600811 2010-02-05 7.350 7.500 7.320 7.260 43447916 319838336  
600811 2010-02-04 7.430 7.640 7.530 7.380 62001476 465953152  
600811 2010-02-03 7.350 7.490 7.420 7.140 55544392 407622528  
600811 2010-02-02 7.290 7.560 7.340 7.220 73091840 541405888  
600811 2010-02-01 7.250 7.440 7.280 7.180 56664044 414680832  
600811 2010-01-29 6.880 7.340 7.230 6.850 66848080 476831072  
600811 2010-01-28 6.800 6.950 6.940 6.720 16386785 112687904  
600811 2010-01-27 6.750 6.910 6.850 6.520 25194600 170764096  
600811 2010-01-26 6.950 7.010 6.730 6.600 23777326 161502448  
600811 2010-01-25 6.860 7.080 6.960 6.820 23941370 167416688  
600811 2010-01-22 6.800 6.960 6.900 6.780 21900108 150679152  
600811 2010-01-21 6.820 6.980 6.930 6.750 15795984 108799984  
600811 2010-01-20 7.110 7.110 6.800 6.780 24212490 167738400  
600811 2010-01-19 7.130 7.150 7.100 7.030 18137456 128437008  
600811 2010-01-18 7.080 7.120 7.110 7.020 19005424 134446704  
600811 2010-01-15 6.990 7.090 7.090 6.970 24191168 170428688  
600811 2010-01-14 6.880 7.000 6.980 6.830 17908962 124336528  
600811 2010-01-13 6.900 7.020 6.860 6.840 18069464 124853648  
600811 2010-01-12 6.880 7.070 7.040 6.820 19010989 132446683  
600811 2010-01-11 7.090 7.180 6.910 6.850 20528340 143405680  
600811 2010-01-08 6.750 6.840 6.800 6.690 14478586 97924840  
600811 2010-01-07 7.020 7.050 6.810 6.770 18350996 126364768  
600811 2010-01-06 7.080 7.190 7.030 7.020 16073311 114036377  
600811 2010-01-05 7.030 7.100 7.080 6.890 15466230 108510544  
600811 2010-01-04 7.120 7.160 7.020 7.010 12517121 88716408 
