
601006 2016-08-30 6.310 6.320 6.310 6.270 36205306 228057846  
601006 2016-08-29 6.320 6.340 6.300 6.290 30750993 193740226  
601006 2016-08-26 6.360 6.390 6.330 6.320 25996996 165270113  
601006 2016-08-25 6.380 6.380 6.350 6.320 29417621 186662727  
601006 2016-08-24 6.390 6.410 6.390 6.370 21594285 137997982  
601006 2016-08-23 6.400 6.420 6.400 6.360 29046000 185651266  
601006 2016-08-22 6.480 6.490 6.380 6.370 33283653 213997750  
601006 2016-08-19 6.430 6.460 6.450 6.380 31884446 204803039  
601006 2016-08-18 6.480 6.530 6.440 6.410 49204287 317747121  
601006 2016-08-17 6.530 6.540 6.500 6.480 32585735 212052762  
601006 2016-08-16 6.580 6.610 6.530 6.490 67988025 443808521  
601006 2016-08-15 6.420 6.600 6.570 6.390 119136616 777811655  
601006 2016-08-12 6.280 6.440 6.430 6.260 97465230 621837604  
601006 2016-08-11 6.240 6.320 6.270 6.220 69208839 434819213  
601006 2016-08-10 6.240 6.270 6.230 6.210 43168136 269526398  
601006 2016-08-09 6.120 6.340 6.260 6.120 100368354 625725339  
601006 2016-08-08 6.130 6.140 6.130 6.090 32927100 201443834  
601006 2016-08-05 6.100 6.140 6.110 6.090 20493711 125311065  
601006 2016-08-04 6.130 6.140 6.120 6.080 21649230 132259157  
601006 2016-08-03 6.110 6.130 6.130 6.080 28067262 171400160  
601006 2016-08-02 6.150 6.150 6.140 6.060 39311834 239625416  
601006 2016-08-01 6.170 6.210 6.150 6.110 55695233 342645559  
601006 2016-07-29 6.130 6.220 6.150 6.120 83762081 517085972  
601006 2016-07-28 6.040 6.150 6.130 6.020 79314851 484891092  
601006 2016-07-27 6.080 6.100 6.070 5.980 56393718 340283332  
601006 2016-07-26 6.020 6.080 6.080 6.020 29311873 177456428  
601006 2016-07-25 6.020 6.050 6.030 6.010 26984559 162662940  
601006 2016-07-22 6.070 6.070 6.020 6.010 40315594 243161324  
601006 2016-07-21 6.070 6.100 6.080 6.060 22308839 135684442  
601006 2016-07-20 6.080 6.090 6.070 6.060 17101444 103843200  
601006 2016-07-19 6.100 6.110 6.090 6.060 24915773 151596947  
601006 2016-07-18 6.100 6.130 6.100 6.080 26127399 159481790  
601006 2016-07-15 6.110 6.150 6.110 6.090 34304595 209850859  
601006 2016-07-14 6.100 6.140 6.110 6.080 46203958 282383736  
601006 2016-07-13 6.110 6.150 6.100 6.080 66198971 404662174  
601006 2016-07-12 6.010 6.100 6.090 5.990 81171796 490894115  
601006 2016-07-11 6.030 6.060 6.010 6.000 55047716 331986162  
601006 2016-07-08 6.090 6.090 6.040 6.040 33330420 201913964  
601006 2016-07-07 6.150 6.160 6.090 6.060 78911717 480902654  
601006 2016-07-06 6.600 6.620 6.600 6.560 70691867 465697482  
601006 2016-07-05 6.560 6.610 6.610 6.540 63474856 417856603  
601006 2016-07-04 6.440 6.560 6.550 6.410 56068131 365267079  
601006 2016-07-01 6.450 6.470 6.440 6.430 31605252 203719601 
601006 2016-06-30 6.460 6.470 6.440 6.410 53692012 345894246  
601006 2016-06-29 6.360 6.450 6.410 6.360 51026656 326899709  
601006 2016-06-28 6.330 6.360 6.360 6.310 34513670 218494816  
601006 2016-06-27 6.290 6.360 6.350 6.290 26477812 167730873  
601006 2016-06-24 6.350 6.380 6.310 6.220 54728291 345775915  
601006 2016-06-23 6.360 6.370 6.350 6.340 20193832 128364342  
601006 2016-06-22 6.350 6.380 6.370 6.340 21740603 138175233  
601006 2016-06-21 6.370 6.400 6.350 6.340 24477075 155757202  
601006 2016-06-20 6.360 6.370 6.360 6.330 16876956 107136201  
601006 2016-06-17 6.340 6.380 6.360 6.340 29065565 184861375  
601006 2016-06-16 6.370 6.380 6.350 6.320 30603821 194150189  
601006 2016-06-15 6.320 6.420 6.380 6.310 36056644 229844593  
601006 2016-06-14 6.340 6.350 6.350 6.320 21549226 136483744  
601006 2016-06-13 6.400 6.400 6.340 6.320 50913617 323791687  
601006 2016-06-08 6.450 6.450 6.430 6.400 22629541 145409102  
601006 2016-06-07 6.460 6.470 6.450 6.430 19161321 123527666  
601006 2016-06-06 6.480 6.500 6.460 6.440 21736718 140480378  
601006 2016-06-03 6.480 6.500 6.490 6.450 33037193 214025394  
601006 2016-06-02 6.470 6.490 6.470 6.450 21602548 139654445  
601006 2016-06-01 6.490 6.520 6.480 6.470 35728830 231787394  
601006 2016-05-31 6.360 6.510 6.500 6.350 64494104 417058635  
601006 2016-05-30 6.340 6.400 6.370 6.330 30578029 194749510  
601006 2016-05-27 6.330 6.360 6.340 6.320 19624160 124499512  
601006 2016-05-26 6.340 6.350 6.330 6.300 24928615 157668031  
601006 2016-05-25 6.350 6.380 6.340 6.320 17290204 109776561  
601006 2016-05-24 6.350 6.350 6.340 6.310 21289388 134683952  
601006 2016-05-23 6.350 6.380 6.360 6.330 28327652 179923837  
601006 2016-05-20 6.330 6.360 6.350 6.310 23535696 149111594  
601006 2016-05-19 6.370 6.390 6.350 6.330 19245100 122447621  
601006 2016-05-18 6.410 6.420 6.360 6.320 42014865 267309653  
601006 2016-05-17 6.470 6.480 6.430 6.410 21016753 135260561  
601006 2016-05-16 6.440 6.490 6.470 6.390 24549791 158461465  
601006 2016-05-13 6.410 6.490 6.460 6.370 37549119 241892002  
601006 2016-05-12 6.390 6.420 6.410 6.320 33628121 214207425  
601006 2016-05-11 6.400 6.520 6.430 6.340 42548293 273179171  
601006 2016-05-10 6.320 6.410 6.390 6.310 50471610 321687328  
601006 2016-05-09 6.460 6.460 6.330 6.310 58507034 372371143  
601006 2016-05-06 6.590 6.600 6.470 6.460 68676533 448420225  
601006 2016-05-05 6.590 6.610 6.590 6.570 29016696 191104689  
601006 2016-05-04 6.580 6.630 6.600 6.570 41758674 275354393  
601006 2016-05-03 6.550 6.610 6.610 6.520 66237026 435531551  
601006 2016-04-29 6.560 6.570 6.540 6.530 30686641 200857502  
601006 2016-04-28 6.560 6.630 6.570 6.530 48024950 315642543  
601006 2016-04-27 6.570 6.580 6.550 6.530 30040288 196898471  
601006 2016-04-26 6.550 6.580 6.560 6.540 22051281 144628146  
601006 2016-04-25 6.540 6.560 6.540 6.520 29375310 192120126  
601006 2016-04-22 6.530 6.570 6.560 6.510 34045455 222793818  
601006 2016-04-21 6.600 6.620 6.550 6.510 45359342 297848946  
601006 2016-04-20 6.740 6.750 6.650 6.500 114231684 754157102  
601006 2016-04-19 6.760 6.780 6.740 6.700 44076684 296543730  
601006 2016-04-18 6.800 6.810 6.730 6.730 54403956 367605718  
601006 2016-04-15 6.870 6.870 6.840 6.820 37654834 257466632  
601006 2016-04-14 6.870 6.890 6.860 6.810 61308962 419526408  
601006 2016-04-13 6.780 6.910 6.850 6.770 101736523 697408085  
601006 2016-04-12 6.800 6.830 6.760 6.720 107231782 724748266  
601006 2016-04-11 6.830 6.930 6.900 6.820 51330049 354340972  
601006 2016-04-08 6.850 6.870 6.810 6.760 52872204 360724166  
601006 2016-04-07 7.010 7.010 6.890 6.880 64080157 444402211  
601006 2016-04-06 6.950 7.020 6.980 6.940 73312440 511836147  
601006 2016-04-05 6.910 7.000 6.990 6.870 93022095 645977565  
601006 2016-04-01 6.870 7.040 6.960 6.850 108600773 754584501 
601006 2016-03-31 6.890 6.940 6.870 6.850 67840893 467402766  
601006 2016-03-30 6.750 6.890 6.860 6.750 75433827 515353524  
601006 2016-03-29 6.790 6.810 6.720 6.700 52388535 353798612  
601006 2016-03-28 6.830 6.870 6.790 6.770 56289211 384356922  
601006 2016-03-25 6.820 6.840 6.820 6.780 42813289 291641659  
601006 2016-03-24 6.880 6.890 6.810 6.800 72793432 497924171  
601006 2016-03-23 6.980 7.010 6.940 6.910 66139241 459346769  
601006 2016-03-22 7.030 7.060 6.990 6.980 73590242 515808384  
601006 2016-03-21 7.040 7.160 7.060 7.010 162869988 1149743718  
601006 2016-03-18 6.980 7.070 7.010 6.950 121033256 847861533  
601006 2016-03-17 6.970 7.010 6.960 6.880 57613945 400911219  
601006 2016-03-16 6.860 6.970 6.960 6.860 102523977 710063608  
601006 2016-03-15 6.810 6.940 6.900 6.750 74014498 506514284  
601006 2016-03-14 6.740 6.900 6.840 6.740 59775698 408737588  
601006 2016-03-11 6.770 6.810 6.730 6.640 63254827 424030543  
601006 2016-03-10 6.880 6.910 6.820 6.820 28766768 197581146  
601006 2016-03-09 6.810 6.950 6.940 6.760 65676451 449709398  
601006 2016-03-08 6.950 6.970 6.920 6.720 73865841 505792135  
601006 2016-03-07 6.940 7.060 6.970 6.890 78843071 548865229  
601006 2016-03-04 6.800 6.980 6.960 6.750 150297367 1034468988  
601006 2016-03-03 6.770 6.860 6.800 6.750 72136058 490567368  
601006 2016-03-02 6.570 6.810 6.790 6.550 82528812 553194577  
601006 2016-03-01 6.520 6.630 6.570 6.440 45631737 297606345  
601006 2016-02-29 6.700 6.700 6.490 6.410 68565621 446878900  
601006 2016-02-26 6.630 6.710 6.690 6.580 49580414 329041717  
601006 2016-02-25 7.000 7.000 6.580 6.530 88157205 596098025  
601006 2016-02-24 6.850 7.030 7.020 6.830 67697837 469386902  
601006 2016-02-23 6.940 6.960 6.880 6.820 52342596 360285838  
601006 2016-02-22 6.870 6.990 6.960 6.840 76699201 530397697  
601006 2016-02-19 6.850 6.870 6.830 6.790 34463998 235245002  
601006 2016-02-18 6.920 6.940 6.850 6.840 48665949 335111290  
601006 2016-02-17 6.850 6.930 6.890 6.820 58285672 400692387  
601006 2016-02-16 6.690 6.870 6.860 6.690 63274731 430413582  
601006 2016-02-15 6.550 6.740 6.670 6.550 36239232 240351837  
601006 2016-02-05 6.720 6.800 6.720 6.680 59592521 401355986  
601006 2016-02-04 6.650 6.790 6.760 6.570 115236475 769458704  
601006 2016-02-03 6.690 6.740 6.720 6.620 54416133 362927332  
601006 2016-02-02 6.650 6.800 6.760 6.640 62774606 423143391  
601006 2016-02-01 6.800 6.810 6.650 6.610 76941791 516371013  
601006 2016-01-29 6.700 6.850 6.810 6.690 83433209 566633286  
601006 2016-01-28 6.900 6.930 6.710 6.670 60164533 409799171  
601006 2016-01-27 7.010 7.030 6.960 6.800 60989979 422654817  
601006 2016-01-26 7.340 7.350 6.960 6.950 89602289 638325856  
601006 2016-01-25 7.440 7.460 7.400 7.350 30023331 222447140  
601006 2016-01-22 7.390 7.430 7.390 7.270 35155498 258597403  
601006 2016-01-21 7.380 7.490 7.300 7.300 36751541 271244555  
601006 2016-01-20 7.590 7.620 7.440 7.400 57001771 427670045  
601006 2016-01-19 7.370 7.700 7.630 7.340 66147256 499758664  
601006 2016-01-18 7.310 7.460 7.350 7.280 34707812 255833406  
601006 2016-01-15 7.590 7.610 7.350 7.320 61879975 460920988  
601006 2016-01-14 7.460 7.650 7.620 7.390 51501227 387658073  
601006 2016-01-13 7.730 7.750 7.500 7.490 43479035 333009657  
601006 2016-01-12 7.740 7.770 7.650 7.620 52780237 406010678  
601006 2016-01-11 8.100 8.170 7.640 7.620 105183825 832561251  
601006 2016-01-08 8.230 8.320 8.220 8.030 62841656 516088558  
601006 2016-01-07 8.400 8.410 8.030 8.010 15358283 126337224  
601006 2016-01-06 8.290 8.530 8.490 8.270 60749173 512260250  
601006 2016-01-05 8.200 8.460 8.280 8.110 63598353 525904021  
601006 2016-01-04 8.620 8.640 8.350 8.320 48666157 412499549 
601006 2015-12-31 8.710 8.740 8.620 8.610 44535496 386387689  
601006 2015-12-30 8.690 8.750 8.740 8.600 50708874 439902837  
601006 2015-12-29 8.700 8.720 8.720 8.590 65709031 568474067  
601006 2015-12-28 9.030 9.040 8.690 8.680 88666311 784759495  
601006 2015-12-25 9.020 9.040 9.020 8.900 27276373 245403258  
601006 2015-12-24 9.090 9.160 9.000 8.890 60664336 544616512  
601006 2015-12-23 9.200 9.240 9.090 9.080 69397992 635079808  
601006 2015-12-22 9.230 9.370 9.170 9.100 67755463 623580282  
601006 2015-12-21 8.780 9.370 9.150 8.760 142681888 1307881472  
601006 2015-12-18 8.780 8.900 8.780 8.750 47376432 418244512  
601006 2015-12-17 8.710 8.860 8.780 8.710 53660192 471640960  
601006 2015-12-16 8.730 8.740 8.650 8.640 23817410 207048048  
601006 2015-12-15 8.760 8.790 8.680 8.670 23976364 209089168  
601006 2015-12-14 8.500 8.800 8.770 8.480 37491812 324823520  
601006 2015-12-11 8.720 8.730 8.590 8.540 40571704 349595136  
601006 2015-12-10 8.830 8.900 8.740 8.730 35642652 313702848  
601006 2015-12-09 8.760 8.990 8.920 8.720 34748348 306126570  
601006 2015-12-08 8.890 8.890 8.800 8.740 31624304 278383168  
601006 2015-12-07 8.930 9.040 8.950 8.840 33737478 302050360  
601006 2015-12-04 9.050 9.060 8.890 8.880 42193856 378274720  
601006 2015-12-03 9.160 9.160 9.090 9.020 60462822 549061967  
601006 2015-12-02 8.840 9.210 9.140 8.770 87368304 792450048  
601006 2015-12-01 8.750 8.950 8.850 8.650 58303132 511016256  
601006 2015-11-30 8.820 8.830 8.680 8.520 59366448 516066848  
601006 2015-11-27 9.090 9.100 8.820 8.700 76861248 685230400  
601006 2015-11-26 9.270 9.300 9.110 9.050 72701504 667431040  
601006 2015-11-25 9.260 9.290 9.250 9.190 49649424 458458912  
601006 2015-11-24 9.250 9.270 9.200 9.130 29519496 271175520  
601006 2015-11-23 9.350 9.380 9.260 9.230 38074416 354704736  
601006 2015-11-20 9.380 9.400 9.360 9.340 39452864 369625024  
601006 2015-11-19 9.360 9.390 9.380 9.280 41130336 383951904  
601006 2015-11-18 9.490 9.520 9.350 9.320 38050720 357473504  
601006 2015-11-17 9.460 9.640 9.470 9.450 72867440 694888640  
601006 2015-11-16 9.380 9.450 9.440 9.270 54287880 506966816  
601006 2015-11-13 9.430 9.600 9.430 9.380 38724648 367001792  
601006 2015-11-12 9.670 9.680 9.480 9.410 57086752 543363008  
601006 2015-11-11 9.730 9.750 9.640 9.580 52738424 508249088  
601006 2015-11-10 9.710 9.820 9.750 9.620 76617440 743724096  
601006 2015-11-09 9.550 10.010 9.860 9.510 134804048 1324080256  
601006 2015-11-06 9.380 9.480 9.460 9.320 82381712 773047296  
601006 2015-11-05 9.190 9.710 9.410 9.140 157175792 1480519808  
601006 2015-11-04 8.880 9.190 9.180 8.880 61327152 556368064  
601006 2015-11-03 9.020 9.060 8.890 8.870 32481708 290812864  
601006 2015-11-02 9.090 9.130 9.030 9.000 28872184 261806720  
601006 2015-10-30 9.230 9.230 9.130 9.110 54471296 498499328  
601006 2015-10-29 9.220 9.330 9.240 9.170 51053784 473426304  
601006 2015-10-28 9.280 9.310 9.190 9.170 38436472 355689696  
601006 2015-10-27 9.310 9.310 9.250 9.140 37502472 345832896  
601006 2015-10-26 9.310 9.400 9.330 9.230 66892912 623514816  
601006 2015-10-23 9.240 9.280 9.220 9.110 47655136 439217216  
601006 2015-10-22 9.170 9.250 9.220 9.100 48313480 443707776  
601006 2015-10-21 9.280 9.400 9.320 8.900 108969544 1005760896  
601006 2015-10-20 9.280 9.360 9.300 9.140 54305036 499894240  
601006 2015-10-19 9.410 9.440 9.280 9.230 58372572 543602368  
601006 2015-10-16 9.350 9.460 9.390 9.260 60909148 570711680  
601006 2015-10-15 9.180 9.300 9.300 9.110 49589192 457172800  
601006 2015-10-14 9.210 9.310 9.150 9.140 33581388 310002976  
601006 2015-10-13 9.280 9.330 9.280 9.200 40959404 379670624  
601006 2015-10-12 9.080 9.460 9.350 9.020 79170320 731986944  
601006 2015-10-09 9.080 9.150 9.080 9.010 41666772 378493568  
601006 2015-10-08 9.100 9.180 9.020 8.960 42340484 383945792 
601006 2015-09-30 8.880 8.950 8.830 8.800 23695166 209854368  
601006 2015-09-29 8.980 9.000 8.820 8.720 24876964 220201632  
601006 2015-09-28 9.050 9.140 9.070 8.980 22495012 203576144  
601006 2015-09-25 9.030 9.140 9.090 8.900 35598264 321593536  
601006 2015-09-24 9.120 9.140 9.050 8.980 24253616 219595936  
601006 2015-09-23 9.220 9.230 9.060 9.030 34628360 315225600  
601006 2015-09-22 9.290 9.390 9.310 9.240 30449418 283725504  
601006 2015-09-21 9.190 9.300 9.290 9.130 32311900 298897696  
601006 2015-09-18 9.340 9.390 9.200 9.160 43259788 399483936  
601006 2015-09-17 9.650 9.800 9.320 9.300 66266000 631351104  
601006 2015-09-16 9.350 10.040 9.750 9.240 63001912 605574080  
601006 2015-09-15 9.390 9.470 9.430 9.100 65073292 607106112  
601006 2015-09-14 9.250 9.710 9.680 8.870 119472232 1110070528  
601006 2015-09-11 9.450 9.490 9.300 9.180 39231280 365663136  
601006 2015-09-10 9.470 9.550 9.510 9.300 46575764 439351488  
601006 2015-09-09 9.580 9.670 9.560 9.470 66363404 634284608  
601006 2015-09-08 9.290 9.590 9.520 9.120 44353304 415902944  
601006 2015-09-07 9.700 9.940 9.190 9.090 107752008 1020880128  
601006 2015-09-02 9.750 9.990 9.770 9.440 111465016 1087887872  
601006 2015-09-01 9.750 10.200 10.190 9.330 201769024 2008440448  
601006 2015-08-31 9.250 10.100 10.070 9.010 114757440 1087777664  
601006 2015-08-28 9.300 9.500 9.420 9.200 104289200 973738624  
601006 2015-08-27 8.600 9.170 9.120 8.370 119441888 1041767168  
601006 2015-08-26 8.240 8.800 8.390 8.100 131596448 1102345728  
601006 2015-08-25 8.250 8.850 8.090 7.880 160473408 1331724544  
601006 2015-08-24 9.300 9.490 8.690 8.660 158467344 1393647360  
601006 2015-08-21 9.920 10.170 9.620 9.500 64704496 632212032  
601006 2015-08-20 10.300 10.400 10.080 10.030 52792848 539825280  
601006 2015-08-19 10.300 10.510 10.440 10.000 71719448 736515264  
601006 2015-08-18 10.930 11.090 10.210 10.100 115029992 1229588352  
601006 2015-08-17 10.890 11.280 11.020 10.510 98224376 1069952128  
601006 2015-08-14 10.990 11.030 10.900 10.700 75667800 820841216  
601006 2015-08-13 10.730 11.200 10.980 10.610 105893712 1160305664  
601006 2015-08-12 10.680 10.840 10.550 10.540 63080996 674578432  
601006 2015-08-11 10.860 11.020 10.800 10.770 82133296 892462592  
601006 2015-08-10 10.640 11.130 10.920 10.500 120962824 1317790208  
601006 2015-08-07 10.630 10.650 10.590 10.250 62550736 661119808  
601006 2015-08-06 10.130 10.580 10.480 10.060 58577372 608688832  
601006 2015-08-05 10.660 10.730 10.310 10.300 77851032 818650432  
601006 2015-08-04 10.490 10.700 10.690 10.400 79524456 840402624  
601006 2015-08-03 10.010 10.550 10.500 9.880 156538384 1603815296  
601006 2015-07-31 10.100 10.380 10.220 9.960 138223024 1406827648  
601006 2015-07-30 9.990 10.350 9.840 9.810 114820880 1164892160  
601006 2015-07-29 9.690 10.200 10.120 9.570 121435920 1192924032  
601006 2015-07-28 9.690 10.010 9.500 9.160 197153344 1890674304  
601006 2015-07-27 10.790 10.910 9.890 9.890 185585264 1936167040  
601006 2015-07-24 11.360 11.430 10.990 10.950 149767120 1683457280  
601006 2015-07-23 11.220 11.600 11.440 11.160 141279600 1610055680  
601006 2015-07-22 11.600 11.680 11.360 11.160 139343424 1584168576  
601006 2015-07-21 11.180 11.850 11.750 11.100 162364320 1878869248  
601006 2015-07-20 11.450 11.550 11.310 11.010 137110368 1546701056  
601006 2015-07-17 11.350 11.680 11.500 11.140 137082080 1569138816  
601006 2015-07-16 11.320 11.510 11.140 10.880 110944112 1246532608  
601006 2015-07-15 11.220 11.520 11.320 10.520 178528800 1982413568  
601006 2015-07-14 11.750 11.990 11.320 11.300 235956896 2737148928  
601006 2015-07-13 11.880 12.650 12.120 11.680 281492448 3418133760  
601006 2015-07-10 11.100 12.200 12.130 11.000 304345920 3627945216  
601006 2015-07-09 10.080 11.090 11.090 9.580 328969216 3467151360  
601006 2015-07-08 10.000 11.000 10.080 9.980 574558464 5933682688  
601006 2015-07-07 11.000 11.380 11.090 10.230 485141664 5323592704  
601006 2015-07-06 11.700 11.800 11.370 10.780 476674336 5396802048  
601006 2015-07-03 11.300 11.690 10.820 10.820 418012992 4600135680  
601006 2015-07-02 13.010 13.290 12.020 12.020 419364608 5239939072  
601006 2015-07-01 13.680 14.580 13.350 13.300 453377344 6311713280 
601006 2015-06-30 13.350 14.180 14.040 12.210 507177760 6729090560  
601006 2015-06-29 12.900 13.650 13.190 11.960 510861056 6668321280  
601006 2015-06-26 12.750 13.480 12.480 12.000 344090496 4412087296  
601006 2015-06-25 13.700 14.210 13.150 13.010 347553824 4778419200  
601006 2015-06-24 12.900 13.920 13.880 12.680 314699296 4186980096  
601006 2015-06-23 12.250 12.930 12.870 11.630 195535648 2412635648  
601006 2015-06-19 13.520 13.520 12.410 12.410 217228704 2831216640  
601006 2015-06-18 13.650 15.150 14.270 13.590 382248480 5483390976  
601006 2015-06-17 13.230 13.800 13.770 12.980 175535584 2351942144  
601006 2015-06-16 13.600 13.740 13.280 13.100 198520624 2665495296  
601006 2015-06-15 14.010 14.280 13.810 13.660 321274624 4488664064  
601006 2015-06-12 13.680 14.130 13.930 13.650 301034368 4183965952  
601006 2015-06-11 13.450 13.670 13.650 13.350 183147312 2476229632  
601006 2015-06-10 13.310 13.740 13.480 13.170 218796528 2952290048  
601006 2015-06-09 13.980 13.980 13.570 13.430 236458480 3236471808  
601006 2015-06-08 13.740 14.120 13.980 13.530 390077568 5409100800  
601006 2015-06-05 13.350 13.600 13.590 13.010 297757120 3971103488  
601006 2015-06-04 12.900 13.120 13.070 12.200 261761760 3341466112  
601006 2015-06-03 12.930 13.050 12.900 12.730 212958448 2740882944  
601006 2015-06-02 12.900 13.200 13.030 12.700 191445024 2480657920  
601006 2015-06-01 12.250 12.990 12.910 12.100 204361824 2582821120  
601006 2015-05-29 12.510 12.640 12.180 12.000 214479968 2634745088  
601006 2015-05-28 13.670 13.850 12.470 12.400 290300736 3862215680  
601006 2015-05-27 13.810 14.030 13.660 13.460 238797408 3289844992  
601006 2015-05-26 13.790 14.010 13.780 13.360 239527312 3270601984  
601006 2015-05-25 13.280 13.870 13.690 13.200 252762720 3452354048  
601006 2015-05-22 12.710 13.240 13.150 12.650 220887808 2864400896  
601006 2015-05-21 12.590 12.650 12.610 12.390 148971216 1865381888  
601006 2015-05-20 12.570 12.810 12.570 12.480 172705792 2183580160  
601006 2015-05-19 12.200 12.590 12.540 12.150 192844720 2391396096  
601006 2015-05-18 12.290 12.430 12.140 12.100 97224656 1192439424  
601006 2015-05-15 12.460 12.640 12.310 12.200 127439064 1581230080  
601006 2015-05-14 12.580 12.680 12.460 12.340 115992552 1445781376  
601006 2015-05-13 12.850 13.150 12.590 12.460 162735744 2082654848  
601006 2015-05-12 12.600 13.050 12.920 12.530 184458224 2355868672  
601006 2015-05-11 12.400 12.700 12.690 12.210 209711424 2612737024  
601006 2015-05-08 12.510 12.620 12.420 11.920 160142096 1971021184  
601006 2015-05-07 12.210 12.620 12.380 12.160 147103984 1828032128  
601006 2015-05-06 13.020 13.160 12.360 12.150 204829696 2607998976  
601006 2015-05-05 14.020 14.030 12.890 12.670 263625840 3518873600  
601006 2015-05-04 13.830 14.310 14.080 13.780 187783312 2639685632  
601006 2015-04-30 13.820 14.560 13.970 13.610 227485984 3194455040  
601006 2015-04-29 14.000 14.180 13.820 13.400 203023440 2793156864  
601006 2015-04-28 14.300 14.720 14.110 13.870 303511328 4341087232  
601006 2015-04-27 13.300 14.500 14.320 13.300 341690880 4777063936  
601006 2015-04-24 13.410 13.690 13.380 13.000 231942528 3084288000  
601006 2015-04-23 13.900 14.080 13.690 13.500 204933056 2822170624  
601006 2015-04-22 13.600 14.110 13.900 13.460 235134560 3250356480  
601006 2015-04-21 13.800 14.190 13.590 13.320 259527648 3535089920  
601006 2015-04-20 13.380 14.600 13.790 13.000 428849504 5872458240  
601006 2015-04-17 13.130 13.770 13.370 12.950 356310304 4776670720  
601006 2015-04-16 12.470 13.000 12.870 12.320 242530320 3087877888  
601006 2015-04-15 12.300 13.260 12.660 12.100 333209056 4186008832  
601006 2015-04-14 12.260 12.600 12.260 12.080 296178080 3635568896  
601006 2015-04-13 11.730 12.770 12.480 11.600 499367296 6153729536  
601006 2015-04-10 11.200 11.670 11.610 11.150 290461440 3326112256  
601006 2015-04-09 11.330 11.370 11.160 11.040 224818768 2511358720  
601006 2015-04-08 11.510 11.530 11.310 11.150 207200976 2340743936  
601006 2015-04-07 11.180 11.670 11.480 11.150 243920928 2785118208  
601006 2015-04-03 10.960 11.250 11.180 10.910 186190240 2069587200  
601006 2015-04-02 11.150 11.170 11.010 10.910 139608320 1536917376  
601006 2015-04-01 11.000 11.150 11.110 10.930 159250544 1757690496 
601006 2015-03-31 11.450 11.470 11.030 11.000 230416000 2584732672  
601006 2015-03-30 10.950 11.420 11.400 10.860 282086048 3155297280  
601006 2015-03-27 10.950 10.970 10.870 10.730 120600232 1309054976  
601006 2015-03-26 10.850 11.050 10.940 10.750 141477808 1543825152  
601006 2015-03-25 11.180 11.180 10.910 10.830 136968928 1500937216  
601006 2015-03-24 11.070 11.240 11.220 10.870 195438032 2167501312  
601006 2015-03-23 11.020 11.230 11.060 10.940 168438304 1868175232  
601006 2015-03-20 11.030 11.050 10.930 10.800 116548416 1270885248  
601006 2015-03-19 11.150 11.350 11.030 10.960 142225216 1580362240  
601006 2015-03-18 10.960 11.200 11.160 10.850 158576560 1747462016  
601006 2015-03-17 10.750 11.140 10.940 10.650 156779584 1711276800  
601006 2015-03-16 10.620 10.760 10.720 10.480 113026704 1204227328  
601006 2015-03-13 10.390 10.690 10.520 10.370 112032360 1178358784  
601006 2015-03-12 10.230 10.410 10.380 10.190 93379080 964475392  
601006 2015-03-11 10.140 10.390 10.230 10.100 90623808 930523968  
601006 2015-03-10 10.260 10.280 10.180 10.090 84232424 856245888  
601006 2015-03-09 10.160 10.320 10.290 10.000 95418872 967430784  
601006 2015-03-06 10.140 10.320 10.210 10.090 66785224 681575616  
601006 2015-03-05 10.200 10.310 10.130 10.020 81176368 824944064  
601006 2015-03-04 10.340 10.380 10.270 10.140 87855144 899390080  
601006 2015-03-03 10.490 10.590 10.260 10.250 93557560 971796928  
601006 2015-03-02 10.700 10.800 10.560 10.470 87860576 928117312  
601006 2015-02-27 10.650 10.800 10.670 10.580 66238568 708526976  
601006 2015-02-26 10.300 10.710 10.650 10.250 100139784 1056830720  
601006 2015-02-25 10.640 10.640 10.250 10.180 71306752 742218880  
601006 2015-02-17 10.500 10.590 10.540 10.470 48616264 511778112  
601006 2015-02-16 10.480 10.530 10.500 10.360 50467488 527358784  
601006 2015-02-13 10.490 10.580 10.460 10.360 70313832 735753280  
601006 2015-02-12 10.400 10.570 10.490 10.340 59188456 620640128  
601006 2015-02-11 10.140 10.410 10.350 10.080 77285968 793683584  
601006 2015-02-10 9.730 10.160 10.150 9.730 106999480 1072244224  
601006 2015-02-09 9.710 9.890 9.710 9.630 110279808 1077540224  
601006 2015-02-06 10.180 10.300 9.750 9.700 113990496 1139415424  
601006 2015-02-05 10.550 10.710 10.220 10.200 134068728 1404965888  
601006 2015-02-04 10.480 10.560 10.390 10.330 73706928 769913664  
601006 2015-02-03 10.430 10.480 10.410 10.200 92891168 958957440  
601006 2015-02-02 10.700 10.700 10.270 10.200 141060496 1467734400  
601006 2015-01-30 11.030 11.080 10.620 10.550 139460016 1501910144  
601006 2015-01-29 10.350 11.290 11.090 10.340 281261408 3076944640  
601006 2015-01-28 10.380 10.700 10.560 10.270 121960464 1276655872  
601006 2015-01-27 10.770 10.770 10.480 10.320 144275200 1516835072  
601006 2015-01-26 10.800 10.820 10.790 10.520 81965680 875752192  
601006 2015-01-23 10.950 10.960 10.790 10.640 105740832 1144521984  
601006 2015-01-22 11.000 11.050 10.820 10.710 97823704 1060073920  
601006 2015-01-21 10.490 11.060 10.990 10.350 173629472 1859184000  
601006 2015-01-20 10.550 10.580 10.430 10.100 184233776 1906605568  
601006 2015-01-19 10.800 11.000 10.310 10.310 170745648 1814340224  
601006 2015-01-16 11.400 11.710 11.460 11.350 161218496 1854760320  
601006 2015-01-15 11.090 11.370 11.360 10.930 130712424 1456735616  
601006 2015-01-14 11.250 11.310 11.090 11.030 92455232 1032820992  
601006 2015-01-13 11.230 11.350 11.260 11.060 74495168 834998784  
601006 2015-01-12 11.330 11.620 11.180 10.980 143153648 1610685440  
601006 2015-01-09 11.690 11.930 11.320 11.290 212126368 2458800896  
601006 2015-01-08 11.850 12.130 11.740 11.520 247986848 2944691968  
601006 2015-01-07 11.840 11.990 11.810 11.590 309010688 3632787712  
601006 2015-01-06 11.100 12.320 12.180 10.950 541141056 6513091584  
601006 2015-01-05 11.000 11.430 11.200 10.990 265061888 2959629568 
601006 2014-12-31 10.530 10.840 10.660 10.200 160153872 1693252224  
601006 2014-12-30 10.610 10.720 10.440 10.280 113438424 1187531136  
601006 2014-12-29 10.920 11.170 10.600 10.460 154461520 1678795520  
601006 2014-12-26 10.580 10.950 10.850 10.500 118260000 1270800896  
601006 2014-12-25 10.300 10.640 10.630 10.210 118813312 1243222784  
601006 2014-12-24 10.530 10.570 10.270 10.030 125429944 1285877760  
601006 2014-12-23 11.030 11.060 10.490 10.400 146293456 1585456768  
601006 2014-12-22 11.600 11.950 11.200 11.000 237587168 2706385408  
601006 2014-12-19 10.900 11.740 11.500 10.620 256509296 2878173696  
601006 2014-12-18 10.880 11.300 11.020 10.660 240134416 2636666112  
601006 2014-12-17 10.310 10.750 10.720 10.110 199450336 2071635712  
601006 2014-12-16 10.390 10.450 10.310 10.150 118736464 1220950912  
601006 2014-12-15 10.120 10.600 10.470 9.900 148734336 1517253504  
601006 2014-12-12 10.290 10.600 10.220 10.150 144962336 1500819840  
601006 2014-12-11 10.460 10.590 10.270 10.080 169427488 1748509312  
601006 2014-12-10 10.040 10.700 10.620 9.960 202499712 2089239424  
601006 2014-12-09 10.000 11.140 9.960 9.800 348798560 3648356096  
601006 2014-12-08 9.540 10.230 10.200 9.500 243516400 2407325952  
601006 2014-12-05 9.750 10.100 9.480 9.360 206788112 2002060032  
601006 2014-12-04 9.540 9.800 9.660 9.380 135620768 1296528768  
601006 2014-12-03 9.680 10.090 9.480 9.310 161579984 1564834816  
601006 2014-12-02 9.400 9.900 9.680 9.390 97070928 928415168  
601006 2014-12-01 9.590 9.800 9.470 9.420 87374984 838734848  
601006 2014-11-28 9.610 9.620 9.580 9.350 79171472 749697280  
601006 2014-11-27 9.700 9.760 9.620 9.500 70326344 675116736  
601006 2014-11-26 9.680 9.840 9.640 9.500 95666512 925374592  
601006 2014-11-25 9.450 9.850 9.710 9.420 100061312 966348928  
601006 2014-11-24 9.450 9.640 9.460 9.390 120768720 1146915584  
601006 2014-11-21 9.010 9.330 9.270 8.970 80095512 734092544  
601006 2014-11-20 9.000 9.060 9.000 8.920 78343648 703939712  
601006 2014-11-19 9.160 9.180 9.000 8.910 100344048 906670336  
601006 2014-11-18 9.800 9.800 9.220 9.150 217601680 2048812544  
601006 2014-11-17 9.690 9.860 9.620 9.240 344424960 3297570816  
601006 2014-11-14 8.760 9.090 9.060 8.550 81330624 716910080  
601006 2014-11-13 8.820 9.050 8.840 8.680 102403768 907016128  
601006 2014-11-12 8.440 8.800 8.780 8.430 106739448 924943360  
601006 2014-11-11 8.560 8.680 8.440 8.380 124379352 1059419456  
601006 2014-11-10 8.030 8.550 8.510 8.030 157269488 1318500992  
601006 2014-11-07 8.050 8.090 7.960 7.880 47081912 376633856  
601006 2014-11-06 8.030 8.080 8.000 7.910 32633712 260724432  
601006 2014-11-05 7.940 8.140 8.010 7.890 48209704 387302656  
601006 2014-11-04 8.070 8.090 7.970 7.870 65048272 517866784  
601006 2014-11-03 7.970 8.180 8.100 7.940 79579872 643224256  
601006 2014-10-31 8.000 8.030 7.980 7.840 60011712 476323712  
601006 2014-10-30 7.750 8.150 7.990 7.720 129604320 1034018304  
601006 2014-10-29 7.640 7.740 7.700 7.540 75511472 578299840  
601006 2014-10-28 7.400 7.610 7.610 7.360 42831392 320441504  
601006 2014-10-27 7.450 7.450 7.380 7.330 31403688 231737328  
601006 2014-10-24 7.470 7.560 7.480 7.460 27803018 208806192  
601006 2014-10-23 7.650 7.680 7.460 7.450 28783854 218071920  
601006 2014-10-22 7.640 7.690 7.630 7.580 20341328 155212880  
601006 2014-10-21 7.630 7.690 7.630 7.590 31220486 238699520  
601006 2014-10-20 7.590 7.680 7.620 7.540 34150648 260072944  
601006 2014-10-17 7.580 7.640 7.540 7.430 48136032 361426880  
601006 2014-10-16 7.520 7.850 7.580 7.500 76031392 582801024  
601006 2014-10-15 7.500 7.600 7.570 7.480 23065508 174064224  
601006 2014-10-14 7.500 7.600 7.550 7.450 53216364 400285984  
601006 2014-10-13 7.740 7.740 7.550 7.440 79227616 596396928  
601006 2014-10-10 7.880 7.940 7.800 7.750 32598612 254962048  
601006 2014-10-09 7.900 7.980 7.920 7.890 29388116 232721152  
601006 2014-10-08 7.760 8.030 7.930 7.710 58899172 464870432 
601006 2014-09-30 7.800 7.810 7.780 7.730 26077460 202951968  
601006 2014-09-29 7.740 7.850 7.800 7.740 33848192 264108832  
601006 2014-09-26 7.820 7.840 7.780 7.700 30460072 235646640  
601006 2014-09-25 7.810 7.920 7.840 7.710 52311528 410001824  
601006 2014-09-24 7.640 7.850 7.780 7.570 50465608 389295968  
601006 2014-09-23 7.540 7.690 7.680 7.530 25981492 197507248  
601006 2014-09-22 7.700 7.700 7.550 7.510 32739848 248868608  
601006 2014-09-19 7.720 7.760 7.730 7.640 28806892 221608000  
601006 2014-09-18 7.650 7.790 7.780 7.610 35498936 272878752  
601006 2014-09-17 7.720 7.720 7.660 7.600 32047212 245928240  
601006 2014-09-16 7.840 7.880 7.660 7.590 46142368 355703936  
601006 2014-09-15 7.780 7.870 7.840 7.720 30381288 237231344  
601006 2014-09-12 7.680 7.790 7.780 7.660 32621602 252034224  
601006 2014-09-11 7.810 7.860 7.710 7.680 47811880 371600384  
601006 2014-09-10 7.900 7.930 7.820 7.790 47032504 368401280  
601006 2014-09-09 8.050 8.050 7.950 7.900 40387824 321638592  
601006 2014-09-05 7.880 8.050 8.020 7.840 55704216 444615456  
601006 2014-09-04 7.670 8.000 7.860 7.660 75703512 594120000  
601006 2014-09-03 7.460 7.750 7.690 7.450 68753824 524408160  
601006 2014-09-02 7.400 7.470 7.470 7.340 40414452 298802240  
601006 2014-09-01 7.400 7.450 7.390 7.330 27504916 202876928  
601006 2014-08-29 7.300 7.420 7.400 7.280 23098676 170102832  
601006 2014-08-28 7.250 7.420 7.290 7.240 38022872 279051264  
601006 2014-08-27 7.270 7.300 7.260 7.220 16510554 119741400  
601006 2014-08-26 7.250 7.400 7.260 7.230 30655528 223323344  
601006 2014-08-25 7.280 7.300 7.250 7.190 24976204 181126720  
601006 2014-08-22 7.240 7.290 7.270 7.210 14761886 106931616  
601006 2014-08-21 7.270 7.290 7.230 7.190 21022760 151873424  
601006 2014-08-20 7.320 7.330 7.300 7.220 28392694 206270192  
601006 2014-08-19 7.430 7.440 7.340 7.250 35518704 260374800  
601006 2014-08-18 7.340 7.430 7.430 7.290 44429784 327568256  
601006 2014-08-15 7.300 7.410 7.300 7.230 35027528 256608048  
601006 2014-08-14 7.190 7.470 7.280 7.110 61342464 446689600  
601006 2014-08-13 7.220 7.240 7.170 7.120 26072904 186996784  
601006 2014-08-12 7.210 7.230 7.210 7.150 30562258 219711648  
601006 2014-08-11 7.070 7.250 7.220 7.070 52500296 377872576  
601006 2014-08-08 7.070 7.110 7.070 7.010 28571656 201725824  
601006 2014-08-07 7.150 7.170 7.030 7.010 30378652 215284016  
601006 2014-08-06 7.140 7.210 7.130 7.110 28265652 201997216  
601006 2014-08-05 7.260 7.310 7.210 7.100 34189064 245884576  
601006 2014-08-04 7.150 7.260 7.240 7.140 45754456 329233088  
601006 2014-08-01 7.140 7.220 7.150 7.100 53221104 380968672  
601006 2014-07-31 7.040 7.150 7.140 7.010 52589436 370730368  
601006 2014-07-30 7.150 7.150 7.050 7.010 52510608 372061056  
601006 2014-07-29 7.150 7.220 7.150 7.110 43701152 312378272  
601006 2014-07-28 7.240 7.270 7.160 7.130 73759280 529806688  
601006 2014-07-25 7.140 7.200 7.170 7.050 28788512 205397344  
601006 2014-07-24 7.030 7.150 7.110 6.980 42774476 303600096  
601006 2014-07-23 6.860 7.040 7.020 6.860 47867544 333990720  
601006 2014-07-22 6.800 6.950 6.850 6.770 29005552 199441072  
601006 2014-07-21 6.860 6.960 6.830 6.790 25662836 175835200  
601006 2014-07-18 6.850 6.960 6.860 6.770 48199908 330882400  
601006 2014-07-17 6.780 6.960 6.830 6.730 69864040 479850944  
601006 2014-07-16 6.500 6.850 6.780 6.470 81064168 543504320  
601006 2014-07-15 6.530 6.590 6.510 6.450 40686736 264722512  
601006 2014-07-14 6.380 6.550 6.520 6.360 41053992 266356080  
601006 2014-07-11 6.300 6.390 6.370 6.280 17938784 114140976  
601006 2014-07-10 6.300 6.330 6.290 6.280 10043080 63366952  
601006 2014-07-09 6.350 6.360 6.290 6.280 17575204 111052592  
601006 2014-07-08 6.310 6.370 6.340 6.310 18534000 117437848  
601006 2014-07-07 6.380 6.380 6.320 6.310 20520896 130032512  
601006 2014-07-04 6.420 6.440 6.380 6.360 12238163 78085112  
601006 2014-07-03 6.400 6.440 6.410 6.370 15941327 102285936  
601006 2014-07-02 6.350 6.410 6.380 6.340 20606456 131546928  
601006 2014-07-01 6.340 6.360 6.340 6.310 12215172 77398232 
601006 2014-06-30 6.260 6.340 6.310 6.260 16658940 105152136  
601006 2014-06-27 6.250 6.280 6.240 6.240 18614176 116391896  
601006 2014-06-26 6.290 6.310 6.260 6.250 23446092 147111008  
601006 2014-06-25 6.390 6.390 6.270 6.240 24944244 156650304  
601006 2014-06-24 6.340 6.400 6.380 6.340 23889084 152263104  
601006 2014-06-23 6.490 6.490 6.330 6.310 33067272 211105760  
601006 2014-06-20 6.890 6.910 6.860 6.830 22932596 157499616  
601006 2014-06-19 6.930 6.960 6.880 6.830 23693108 162726368  
601006 2014-06-18 6.950 6.950 6.940 6.900 18131972 125638952  
601006 2014-06-17 6.980 6.980 6.940 6.920 18310568 127150240  
601006 2014-06-16 6.810 7.030 7.000 6.800 49552256 343807680  
601006 2014-06-13 6.710 6.810 6.800 6.710 21608718 146241184  
601006 2014-06-12 6.750 6.760 6.730 6.700 17222416 115876888  
601006 2014-06-11 6.730 6.770 6.760 6.700 16355655 110112664  
601006 2014-06-10 6.700 6.760 6.750 6.660 19126744 128437920  
601006 2014-06-09 6.670 6.720 6.680 6.670 11193142 74833328  
601006 2014-06-06 6.730 6.740 6.680 6.680 14777724 98981392  
601006 2014-06-05 6.680 6.740 6.740 6.650 14845096 99545592  
601006 2014-06-04 6.720 6.720 6.700 6.660 12303446 82192736  
601006 2014-06-03 6.720 6.740 6.700 6.670 13493296 90438520  
601006 2014-05-30 6.700 6.730 6.710 6.660 11669103 78176968  
601006 2014-05-29 6.720 6.730 6.700 6.670 14683296 98352856  
601006 2014-05-28 6.670 6.730 6.710 6.640 15440781 103211656  
601006 2014-05-27 6.700 6.710 6.680 6.640 17042624 113707696  
601006 2014-05-26 6.730 6.760 6.720 6.690 10664027 71629616  
601006 2014-05-23 6.740 6.740 6.710 6.640 17551232 117198936  
601006 2014-05-22 6.720 6.790 6.710 6.690 12584684 84810592  
601006 2014-05-21 6.610 6.720 6.710 6.610 14490442 96725656  
601006 2014-05-20 6.680 6.730 6.640 6.600 14027243 93438264  
601006 2014-05-19 6.740 6.740 6.660 6.630 10340702 68979416  
601006 2014-05-16 6.750 6.760 6.740 6.700 12732303 85727992  
601006 2014-05-15 6.740 6.760 6.730 6.720 12718565 85735824  
601006 2014-05-14 6.750 6.790 6.750 6.730 10670933 72081472  
601006 2014-05-13 6.810 6.810 6.750 6.720 15981135 108151152  
601006 2014-05-12 6.760 6.830 6.810 6.700 23161400 157153520  
601006 2014-05-09 6.710 6.730 6.700 6.670 11907764 79770800  
601006 2014-05-08 6.680 6.760 6.690 6.670 14076580 94529248  
601006 2014-05-07 6.650 6.740 6.680 6.610 20624514 137901840  
601006 2014-05-06 6.630 6.690 6.640 6.600 17568972 116834656  
601006 2014-05-05 6.660 6.710 6.630 6.550 27902002 184695696  
601006 2014-04-30 6.630 6.680 6.660 6.620 11327991 75380528  
601006 2014-04-29 6.650 6.690 6.630 6.560 20745256 137427872  
601006 2014-04-28 6.710 6.730 6.650 6.580 20142990 134085176  
601006 2014-04-25 6.710 6.760 6.690 6.610 29184172 194855552  
601006 2014-04-24 6.790 6.800 6.730 6.690 14482160 97543456  
601006 2014-04-23 6.730 6.850 6.790 6.690 21502312 145046688  
601006 2014-04-22 6.730 6.750 6.730 6.700 15060401 101253216  
601006 2014-04-21 6.780 6.830 6.730 6.720 13281816 90093000  
601006 2014-04-18 6.810 6.860 6.830 6.790 14352374 97870064  
601006 2014-04-17 6.860 6.910 6.840 6.810 22134322 152011104  
601006 2014-04-16 6.930 6.970 6.880 6.780 42618304 292126336  
601006 2014-04-15 7.010 7.030 6.940 6.940 28823376 201419824  
601006 2014-04-14 7.100 7.120 7.060 6.990 31424548 221058944  
601006 2014-04-11 6.850 7.150 7.090 6.830 80797184 568642752  
601006 2014-04-10 6.720 6.980 6.880 6.670 65178200 445436672  
601006 2014-04-09 6.680 6.720 6.700 6.650 38209704 255822752  
601006 2014-04-08 6.630 6.740 6.650 6.630 57098472 381450208  
601006 2014-04-04 6.570 6.680 6.650 6.520 20814472 137587552  
601006 2014-04-03 6.860 6.890 6.570 6.530 55067220 368800000  
601006 2014-04-02 6.840 6.910 6.750 6.730 32765086 223542496  
601006 2014-04-01 6.670 6.750 6.700 6.660 16248295 108962616 
601006 2014-03-31 6.740 6.770 6.680 6.630 15950347 106669848  
601006 2014-03-28 6.700 6.770 6.680 6.620 22589564 151646928  
601006 2014-03-27 6.630 6.740 6.700 6.600 18323024 122074488  
601006 2014-03-26 6.690 6.730 6.630 6.630 14352760 95685600  
601006 2014-03-25 6.620 6.740 6.710 6.560 26631300 177468400  
601006 2014-03-24 6.590 6.690 6.650 6.530 27722718 183004144  
601006 2014-03-21 6.420 6.590 6.580 6.370 37800504 245020880  
601006 2014-03-20 6.350 6.550 6.380 6.350 46015616 297098464  
601006 2014-03-19 6.360 6.380 6.340 6.290 20404452 128859776  
601006 2014-03-18 6.400 6.430 6.390 6.350 36790456 235119104  
601006 2014-03-17 6.320 6.500 6.380 6.300 35158584 225225904  
601006 2014-03-14 6.400 6.410 6.290 6.270 35854656 227348032  
601006 2014-03-13 6.430 6.500 6.430 6.390 31138596 200573360  
601006 2014-03-12 6.430 6.440 6.420 6.340 23138476 147991952  
601006 2014-03-11 6.500 6.530 6.440 6.390 31564806 203653856  
601006 2014-03-10 6.700 6.700 6.530 6.520 23329740 154003264  
601006 2014-03-07 6.730 6.750 6.720 6.670 18329242 123101912  
601006 2014-03-06 6.740 6.750 6.740 6.650 32808212 219532880  
601006 2014-03-05 6.820 6.840 6.740 6.730 24597032 166713056  
601006 2014-03-04 6.800 6.860 6.810 6.760 26513322 180295408  
601006 2014-03-03 6.800 6.940 6.830 6.720 31940036 217179328  
601006 2014-02-28 7.000 7.010 6.800 6.750 44696940 306549312  
601006 2014-02-27 7.020 7.040 7.010 6.940 52184212 364468704  
601006 2014-02-26 7.040 7.090 7.050 7.000 35377508 249694304  
601006 2014-02-25 7.050 7.090 7.070 7.010 35761952 252074784  
601006 2014-02-24 7.110 7.110 7.050 6.970 39527156 277752960  
601006 2014-02-21 7.370 7.390 7.170 7.130 51979768 375482048  
601006 2014-02-20 7.410 7.500 7.360 7.350 47947380 354985728  
601006 2014-02-19 7.450 7.520 7.410 7.350 50263120 372288320  
601006 2014-02-18 7.550 7.550 7.440 7.400 63739252 475951264  
601006 2014-02-17 8.050 8.060 7.570 7.410 183517872 1400401280  
601006 2014-02-14 7.520 7.930 7.770 7.500 81860144 634799936  
601006 2014-02-13 7.380 7.620 7.460 7.360 39524408 296826560  
601006 2014-02-12 7.450 7.450 7.380 7.340 22019564 162693632  
601006 2014-02-11 7.340 7.380 7.380 7.270 34588116 253348528  
601006 2014-02-10 7.320 7.440 7.340 7.290 36708832 269763520  
601006 2014-02-07 7.210 7.310 7.300 7.170 19800724 143395344  
601006 2014-01-30 7.180 7.330 7.260 7.160 13925398 101038104  
601006 2014-01-29 7.170 7.220 7.190 7.110 13827434 99178160  
601006 2014-01-28 7.180 7.250 7.180 7.130 20139014 144661840  
601006 2014-01-27 7.310 7.340 7.200 7.110 31169618 225292224  
601006 2014-01-24 7.410 7.500 7.360 7.320 46297152 342425856  
601006 2014-01-23 7.250 7.340 7.260 7.110 26036036 187517168  
601006 2014-01-22 7.090 7.350 7.230 7.080 28848880 208902304  
601006 2014-01-21 7.040 7.170 7.100 7.000 11193080 79334584  
601006 2014-01-20 7.040 7.050 7.040 6.950 11884172 83218720  
601006 2014-01-17 7.050 7.150 7.040 6.950 23134042 162856912  
601006 2014-01-16 7.200 7.200 7.120 7.020 18080188 128155968  
601006 2014-01-15 7.040 7.200 7.190 6.920 21980144 154937392  
601006 2014-01-14 7.160 7.170 7.060 6.900 27510908 192482720  
601006 2014-01-13 7.270 7.280 7.170 7.060 17579796 125449568  
601006 2014-01-10 7.210 7.280 7.240 7.140 15705697 113040488  
601006 2014-01-09 7.290 7.350 7.250 7.100 26780140 194555968  
601006 2014-01-08 7.280 7.460 7.290 7.140 25454944 186247840  
601006 2014-01-07 7.360 7.450 7.280 7.130 30308300 220523168  
601006 2014-01-06 7.620 7.650 7.450 7.320 34541276 257039040  
601006 2014-01-03 7.350 7.810 7.690 7.340 40392872 305272352  
601006 2014-01-02 7.380 7.480 7.450 7.300 20259392 150185760 
601006 2013-12-31 7.230 7.560 7.390 7.230 33237672 246121216  
601006 2013-12-30 7.350 7.400 7.250 7.240 24096030 176005760  
601006 2013-12-27 7.340 7.440 7.350 7.290 23283268 171342096  
601006 2013-12-26 7.320 7.370 7.320 7.220 18453436 134515888  
601006 2013-12-25 7.470 7.480 7.390 7.340 18461720 136336672  
601006 2013-12-24 7.500 7.540 7.470 7.360 15264072 114053616  
601006 2013-12-23 7.400 7.530 7.430 7.390 20256712 151017472  
601006 2013-12-20 7.670 7.670 7.410 7.310 37208620 277647392  
601006 2013-12-19 7.600 7.660 7.600 7.530 17688304 134700784  
601006 2013-12-18 7.680 7.690 7.580 7.450 18884984 142920736  
601006 2013-12-17 7.480 7.650 7.620 7.410 23898268 179244112  
601006 2013-12-16 7.610 7.650 7.490 7.410 23630578 177173872  
601006 2013-12-13 7.580 7.680 7.630 7.540 23556036 178957072  
601006 2013-12-12 7.810 7.950 7.670 7.660 31554784 245586416  
601006 2013-12-11 7.910 8.000 7.850 7.780 30787298 241424048  
601006 2013-12-10 7.760 8.000 7.990 7.760 36517540 289201408  
601006 2013-12-09 7.720 7.950 7.750 7.720 31625920 247486576  
601006 2013-12-06 7.880 7.920 7.700 7.680 27768286 215804496  
601006 2013-12-05 8.040 8.090 7.900 7.880 22313706 177891136  
601006 2013-12-04 7.940 8.040 7.980 7.920 25009172 199513152  
601006 2013-12-03 7.920 8.000 7.970 7.830 16962756 135115408  
601006 2013-12-02 7.830 8.050 7.950 7.690 35469756 281487840  
601006 2013-11-29 7.930 7.950 7.910 7.800 13497886 106080472  
601006 2013-11-28 7.980 8.020 7.940 7.910 20252644 161417408  
601006 2013-11-27 7.730 8.070 7.960 7.700 52977360 421437632  
601006 2013-11-26 7.720 7.770 7.730 7.660 12187010 94029552  
601006 2013-11-25 7.680 7.760 7.690 7.610 22798924 175234272  
601006 2013-11-22 7.850 7.860 7.770 7.730 16745448 130226016  
601006 2013-11-21 7.650 7.820 7.810 7.560 29556448 227355376  
601006 2013-11-20 7.670 7.780 7.720 7.650 31834056 245722336  
601006 2013-11-19 7.600 7.650 7.630 7.520 30921062 234737840  
601006 2013-11-18 7.350 7.650 7.590 7.260 65592628 491146272  
601006 2013-11-15 7.200 7.400 7.250 7.200 45732488 333443552  
601006 2013-11-14 7.150 7.260 7.250 7.110 23412984 169025664  
601006 2013-11-13 7.200 7.270 7.110 7.090 22610012 161657696  
601006 2013-11-12 7.290 7.370 7.300 7.220 14114629 102940496  
601006 2013-11-11 7.340 7.380 7.280 7.210 14317883 104181128  
601006 2013-11-08 7.380 7.470 7.350 7.300 21714404 160653456  
601006 2013-11-07 7.360 7.460 7.410 7.330 19234236 142178336  
601006 2013-11-06 7.360 7.440 7.360 7.260 12381011 90642736  
601006 2013-11-05 7.260 7.440 7.400 7.260 14399451 105848256  
601006 2013-11-04 7.550 7.570 7.340 7.280 23272086 171806672  
601006 2013-11-01 7.450 7.510 7.480 7.350 33507246 249417792  
601006 2013-10-31 7.380 7.480 7.360 7.320 29445940 217582464  
601006 2013-10-30 7.200 7.440 7.370 7.180 54256900 398542112  
601006 2013-10-29 7.080 7.230 7.200 7.060 39094696 279793184  
601006 2013-10-28 6.910 7.070 7.070 6.910 19727340 138412992  
601006 2013-10-25 6.930 7.010 6.880 6.880 22059896 152960192  
601006 2013-10-24 6.960 7.010 6.930 6.900 20369866 141445696  
601006 2013-10-23 7.020 7.080 6.980 6.950 18770820 131859752  
601006 2013-10-22 7.010 7.050 6.970 6.940 25671836 179365392  
601006 2013-10-21 6.970 7.040 7.010 6.960 33826452 236744464  
601006 2013-10-18 6.980 7.010 6.970 6.940 19838928 138256544  
601006 2013-10-17 7.060 7.120 6.980 6.950 18984118 133464808  
601006 2013-10-16 7.080 7.150 7.080 7.010 24534308 173122944  
601006 2013-10-15 7.310 7.330 7.160 7.050 34107152 243943632  
601006 2013-10-14 7.150 7.360 7.300 7.100 37267072 271041376  
601006 2013-10-11 7.070 7.150 7.090 7.010 21670744 153899920  
601006 2013-10-10 7.050 7.090 7.000 6.980 17750124 124872896  
601006 2013-10-09 7.150 7.150 7.060 6.970 29929704 210024272  
601006 2013-10-08 7.240 7.290 7.140 7.100 26628456 191499920 
601006 2013-09-30 7.120 7.320 7.280 7.080 26610592 191683264  
601006 2013-09-27 6.960 7.130 7.100 6.890 25684968 179111120  
601006 2013-09-26 7.180 7.180 7.050 6.890 42965724 300679008  
601006 2013-09-25 7.320 7.390 7.170 7.130 22622362 164808160  
601006 2013-09-24 7.340 7.380 7.320 7.270 20614324 150977104  
601006 2013-09-23 7.370 7.430 7.380 7.310 17837502 131478232  
601006 2013-09-18 7.400 7.460 7.320 7.250 28872624 212728800  
601006 2013-09-17 7.590 7.600 7.410 7.360 34053052 254612336  
601006 2013-09-16 7.490 7.820 7.590 7.440 53632008 411362208  
601006 2013-09-13 7.590 7.650 7.510 7.310 37259400 277481760  
601006 2013-09-12 7.560 7.650 7.610 7.490 40158040 304571904  
601006 2013-09-11 7.630 7.790 7.590 7.460 55850760 425934720  
601006 2013-09-10 7.330 7.650 7.560 7.270 56930040 428479040  
601006 2013-09-09 7.360 7.560 7.330 7.280 52695644 389581312  
601006 2013-09-06 7.120 7.450 7.390 7.120 53188228 389597344  
601006 2013-09-05 7.050 7.210 7.160 7.010 38261348 272213344  
601006 2013-09-04 7.010 7.050 7.040 6.920 25705968 179664400  
601006 2013-09-03 6.980 7.130 7.040 6.900 41380284 291091136  
601006 2013-09-02 6.840 7.100 6.920 6.840 38768884 270088992  
601006 2013-08-30 6.860 6.890 6.810 6.750 17201996 117378416  
601006 2013-08-29 6.930 6.970 6.840 6.810 20328248 139905552  
601006 2013-08-28 7.000 7.030 6.940 6.870 25309164 176238624  
601006 2013-08-27 7.000 7.100 7.030 6.950 20936074 146967376  
601006 2013-08-26 6.960 7.050 7.010 6.880 28784360 200702304  
601006 2013-08-23 6.800 7.050 6.920 6.770 49311696 340236736  
601006 2013-08-22 6.820 6.910 6.800 6.700 30810662 209206128  
601006 2013-08-21 6.930 6.950 6.840 6.780 24783794 169741472  
601006 2013-08-20 6.870 7.170 6.930 6.870 100579264 702576256  
601006 2013-08-19 6.630 6.690 6.630 6.550 53373988 353848224  
601006 2013-08-16 6.780 7.460 6.670 6.580 88132864 599929152  
601006 2013-08-15 6.340 6.920 6.780 6.340 161399328 1093787136  
601006 2013-08-14 6.250 6.330 6.290 6.220 22114132 139232864  
601006 2013-08-13 6.280 6.280 6.250 6.210 14403822 89874640  
601006 2013-08-12 6.080 6.300 6.280 6.060 48210552 298866080  
601006 2013-08-09 6.130 6.160 6.070 5.980 38576980 233063056  
601006 2013-08-08 6.150 6.170 6.130 6.060 22539968 137761200  
601006 2013-08-07 6.330 6.350 6.170 6.110 28405806 176767568  
601006 2013-08-06 6.250 6.350 6.330 6.240 21279988 133856800  
601006 2013-08-05 6.280 6.340 6.310 6.190 24068852 151034272  
601006 2013-08-02 6.170 6.360 6.270 6.170 42353120 265735264  
601006 2013-08-01 6.070 6.160 6.130 6.040 23512152 143692976  
601006 2013-07-31 6.020 6.090 6.050 6.010 15993836 96718176  
601006 2013-07-30 6.050 6.120 6.020 5.900 29381340 176957888  
601006 2013-07-29 6.000 6.070 6.010 5.990 17568396 105603744  
601006 2013-07-26 6.010 6.090 6.080 5.960 18504876 111384968  
601006 2013-07-25 5.880 6.080 6.060 5.870 57945088 348139072  
601006 2013-07-24 5.840 5.870 5.840 5.710 26287530 152431616  
601006 2013-07-23 5.710 5.880 5.840 5.670 34575696 200740240  
601006 2013-07-22 5.680 5.730 5.690 5.610 27251220 154176608  
601006 2013-07-19 5.810 5.820 5.720 5.680 26751288 153899312  
601006 2013-07-18 5.860 5.930 5.790 5.760 23514324 136603392  
601006 2013-07-17 5.960 6.010 5.890 5.860 28773958 170937136  
601006 2013-07-16 6.030 6.070 5.990 5.890 30179446 179568208  
601006 2013-07-15 6.090 6.150 6.060 6.010 20143172 122056464  
601006 2013-07-12 6.110 6.130 6.040 5.990 28968802 175918240  
601006 2013-07-11 5.890 6.150 6.100 5.860 41230232 248403056  
601006 2013-07-10 5.700 5.860 5.850 5.650 25001208 144757936  
601006 2013-07-09 5.640 5.710 5.680 5.630 21104472 119871800  
601006 2013-07-08 5.680 5.690 5.630 5.600 20798316 117156784  
601006 2013-07-05 5.780 5.810 5.740 5.690 16331391 93695600  
601006 2013-07-04 5.640 5.820 5.760 5.560 33418168 191396832  
601006 2013-07-03 5.700 5.710 5.640 5.570 25099376 141304032  
601006 2013-07-02 5.820 5.830 5.700 5.660 34411156 196538304  
601006 2013-07-01 5.870 5.910 5.800 5.740 27940450 162053232 
601006 2013-06-28 5.850 5.970 5.940 5.770 32219062 189483424  
601006 2013-06-27 5.800 5.900 5.850 5.760 32975392 192413328  
601006 2013-06-26 5.900 5.920 5.810 5.630 46720712 268890208  
601006 2013-06-25 5.790 5.940 5.900 5.410 66875472 382400512  
601006 2013-06-24 6.040 6.100 5.830 5.820 53773620 318967424  
601006 2013-06-21 6.030 6.100 6.050 5.990 24809128 150246624  
601006 2013-06-20 6.220 6.240 6.100 6.070 24323172 149352304  
601006 2013-06-19 6.170 6.240 6.230 6.100 20285868 125022664  
601006 2013-06-18 6.240 6.250 6.180 6.120 24158344 148915168  
601006 2013-06-17 6.340 6.350 6.210 6.200 27073296 169260000  
601006 2013-06-14 6.400 6.420 6.330 6.280 35931760 227396816  
601006 2013-06-13 6.560 6.560 6.380 6.230 51827480 328036576  
601006 2013-06-07 6.620 6.670 6.600 6.590 19143888 126605192  
601006 2013-06-06 6.600 6.650 6.620 6.590 16806956 111236928  
601006 2013-06-05 6.700 6.700 6.630 6.600 25164520 166970656  
601006 2013-06-04 7.080 7.080 6.990 6.980 37183724 261290912  
601006 2013-06-03 7.070 7.130 7.080 7.050 21880900 155300272  
601006 2013-05-31 7.150 7.150 7.070 7.070 23857656 169696784  
601006 2013-05-30 7.060 7.150 7.140 7.040 38990792 276273568  
601006 2013-05-29 7.040 7.110 7.050 7.030 28658356 202590400  
601006 2013-05-28 6.930 7.030 7.030 6.910 34148240 237780944  
601006 2013-05-27 6.960 7.010 6.960 6.920 30210888 210255584  
601006 2013-05-24 7.030 7.060 6.980 6.950 28015126 196020912  
601006 2013-05-23 7.030 7.080 7.000 6.980 34984192 245713792  
601006 2013-05-22 7.100 7.100 7.050 7.030 32950600 232542064  
601006 2013-05-21 7.150 7.160 7.150 7.050 39573796 281094272  
601006 2013-05-20 7.130 7.230 7.180 7.110 39361884 282105312  
601006 2013-05-17 6.980 7.210 7.160 6.940 51621824 365610944  
601006 2013-05-16 7.030 7.050 6.980 6.940 61467496 429255104  
601006 2013-05-15 7.030 7.070 7.050 7.020 13819551 97336696  
601006 2013-05-14 7.090 7.160 7.040 7.000 29200114 205701760  
601006 2013-05-13 7.230 7.230 7.130 7.060 33738808 239814944  
601006 2013-05-10 7.130 7.230 7.210 7.080 32717184 233787088  
601006 2013-05-09 7.330 7.340 7.180 7.090 30802692 221933984  
601006 2013-05-08 7.240 7.320 7.310 7.190 31594960 229366112  
601006 2013-05-07 7.150 7.260 7.200 7.140 27887364 200678720  
601006 2013-05-06 7.050 7.160 7.140 7.030 24137916 171778560  
601006 2013-05-03 7.050 7.130 7.030 7.000 43594852 307920736  
601006 2013-05-02 7.040 7.090 7.030 6.980 36116052 253612288  
601006 2013-04-26 7.250 7.260 7.050 7.020 32120188 227857440  
601006 2013-04-25 7.190 7.230 7.220 7.100 23729648 170061664  
601006 2013-04-24 7.090 7.200 7.180 7.010 34118808 242451056  
601006 2013-04-23 7.260 7.260 7.040 7.010 25685968 182339104  
601006 2013-04-22 7.200 7.270 7.260 7.190 23085424 167136928  
601006 2013-04-19 7.080 7.280 7.210 7.050 27869680 199884688  
601006 2013-04-18 7.050 7.110 7.060 7.000 22167398 156090016  
601006 2013-04-17 7.040 7.090 7.060 6.990 17699174 124736080  
601006 2013-04-16 7.000 7.050 7.010 6.930 25780128 180260464  
601006 2013-04-15 7.080 7.150 7.010 6.980 20411236 144000928  
601006 2013-04-12 7.100 7.130 7.090 7.040 24379020 172814160  
601006 2013-04-11 7.280 7.280 7.080 7.060 35129936 251006208  
601006 2013-04-10 7.300 7.320 7.190 7.140 32156452 231774832  
601006 2013-04-09 7.350 7.390 7.320 7.250 28504206 208142704  
601006 2013-04-08 7.300 7.420 7.350 7.280 24526608 180002336  
601006 2013-04-03 7.380 7.450 7.430 7.290 20445372 150810784  
601006 2013-04-02 7.420 7.500 7.340 7.280 26517906 194741072  
601006 2013-04-01 7.370 7.530 7.440 7.370 16689838 124330152 
601006 2013-03-29 7.450 7.510 7.450 7.420 14038509 104810640  
601006 2013-03-28 7.470 7.610 7.430 7.350 43440156 324271520  
601006 2013-03-27 7.570 7.680 7.520 7.490 26772884 201963280  
601006 2013-03-26 7.680 7.710 7.580 7.480 30752776 232802080  
601006 2013-03-25 7.800 7.850 7.720 7.700 24344904 189009088  
601006 2013-03-22 7.710 7.880 7.840 7.700 43482224 338073088  
601006 2013-03-21 7.640 7.720 7.700 7.550 32139008 245584176  
601006 2013-03-20 7.600 7.700 7.650 7.470 56378180 427256096  
601006 2013-03-19 7.760 7.770 7.600 7.560 27639046 211715968  
601006 2013-03-18 7.810 7.820 7.680 7.610 35966000 277010208  
601006 2013-03-15 7.570 7.910 7.820 7.530 84703088 657225408  
601006 2013-03-14 7.460 7.580 7.510 7.440 27854344 209466448  
601006 2013-03-13 7.550 7.580 7.500 7.380 29091634 217499936  
601006 2013-03-12 7.770 7.830 7.550 7.510 62841184 478936256  
601006 2013-03-11 7.890 7.950 7.770 7.710 40753376 318287360  
601006 2013-03-08 7.860 7.920 7.710 7.660 40230688 311617152  
601006 2013-03-07 8.050 8.250 7.860 7.800 62636264 501658560  
601006 2013-03-06 8.070 8.170 8.120 7.920 47427264 381530048  
601006 2013-03-05 8.000 8.100 8.040 7.860 66570980 531708320  
601006 2013-03-04 7.850 8.260 8.050 7.790 95773608 774579328  
601006 2013-03-01 7.900 7.960 7.900 7.740 45017660 353527136  
601006 2013-02-28 7.630 7.990 7.850 7.600 63045440 494331552  
601006 2013-02-27 7.620 7.670 7.590 7.520 35014512 265173376  
601006 2013-02-26 7.760 7.870 7.620 7.500 57280012 437340768  
601006 2013-02-25 7.720 8.000 7.830 7.720 50315148 395779328  
601006 2013-02-22 7.610 7.850 7.710 7.610 70118216 542937088  
601006 2013-02-21 7.860 7.910 7.620 7.490 176882432 1363517568  
601006 2013-02-18 7.320 7.990 7.920 7.320 170357184 1312064000  
601006 2013-02-08 7.170 7.280 7.280 7.160 42277408 306269056  
601006 2013-02-07 7.160 7.210 7.160 7.110 35774960 256070720  
601006 2013-02-06 7.220 7.240 7.170 7.110 35265804 252869408  
601006 2013-02-05 7.090 7.240 7.200 7.070 42606824 305359136  
601006 2013-02-04 7.210 7.240 7.120 7.100 59178208 423316000  
601006 2013-02-01 7.200 7.290 7.240 7.180 39934784 288690176  
601006 2013-01-31 7.250 7.250 7.190 7.190 29873588 215375680  
601006 2013-01-30 7.260 7.270 7.210 7.180 28472842 205166208  
601006 2013-01-29 7.280 7.310 7.270 7.190 38822116 281387232  
601006 2013-01-28 7.020 7.300 7.260 7.020 71945320 519034240  
601006 2013-01-25 6.980 7.020 7.010 6.930 32566034 227444208  
601006 2013-01-24 6.980 7.060 6.980 6.910 34299292 239897376  
601006 2013-01-23 7.030 7.040 7.010 6.930 28776012 200976512  
601006 2013-01-22 7.080 7.110 7.050 6.910 42698920 300048512  
601006 2013-01-21 7.060 7.110 7.080 6.960 46782432 330442976  
601006 2013-01-18 7.050 7.080 7.050 6.970 28176628 198187232  
601006 2013-01-17 6.910 7.030 7.010 6.890 43131336 300498368  
601006 2013-01-16 7.000 7.010 6.890 6.820 37122064 256999552  
601006 2013-01-15 6.970 7.020 7.010 6.930 33051028 230197296  
601006 2013-01-14 6.810 6.990 6.960 6.810 28115382 194404960  
601006 2013-01-11 6.920 6.980 6.820 6.770 26931948 185252352  
601006 2013-01-10 6.750 7.080 6.890 6.750 46104100 319057632  
601006 2013-01-09 6.740 6.780 6.770 6.720 23338532 157484320  
601006 2013-01-08 6.820 6.850 6.730 6.720 32729016 221644112  
601006 2013-01-07 6.810 6.900 6.820 6.770 33180908 227113152  
601006 2013-01-04 6.810 6.930 6.820 6.740 65773368 449342496 
601006 2012-12-31 6.820 6.850 6.760 6.740 43763164 296951712  
601006 2012-12-28 6.770 6.860 6.800 6.730 33013000 223942704  
601006 2012-12-27 6.700 6.800 6.770 6.670 40768672 274770688  
601006 2012-12-26 6.660 6.690 6.690 6.620 32382844 215410128  
601006 2012-12-25 6.480 6.690 6.670 6.470 50476744 333133568  
601006 2012-12-24 6.460 6.510 6.500 6.450 27728266 179826032  
601006 2012-12-21 6.520 6.530 6.460 6.460 28201212 183247008  
601006 2012-12-20 6.480 6.540 6.520 6.460 38148704 247828240  
601006 2012-12-19 6.480 6.520 6.470 6.450 38769528 251704464  
601006 2012-12-18 6.510 6.520 6.480 6.440 37681476 243913648  
601006 2012-12-17 6.520 6.590 6.510 6.460 52356688 340460736  
601006 2012-12-14 6.340 6.530 6.510 6.340 64031604 413776736  
601006 2012-12-13 6.310 6.390 6.320 6.300 38719184 245438448  
601006 2012-12-12 6.360 6.370 6.330 6.300 25904992 163955136  
601006 2012-12-11 6.390 6.420 6.370 6.320 43292088 274772576  
601006 2012-12-10 6.360 6.440 6.410 6.360 50610540 324562624  
601006 2012-12-07 6.360 6.390 6.370 6.320 50906392 323429120  
601006 2012-12-06 6.370 6.410 6.350 6.310 33025848 209878160  
601006 2012-12-05 6.300 6.430 6.390 6.270 57808496 367503808  
601006 2012-12-04 6.340 6.350 6.320 6.260 19534440 123024288  
601006 2012-12-03 6.290 6.360 6.340 6.260 25400180 160707696  
601006 2012-11-30 6.190 6.320 6.300 6.180 24790444 154954464  
601006 2012-11-29 6.210 6.220 6.190 6.170 17779272 110122632  
601006 2012-11-28 6.230 6.250 6.190 6.140 24939868 154157056  
601006 2012-11-27 6.310 6.310 6.240 6.230 27062404 169457872  
601006 2012-11-26 6.250 6.310 6.310 6.240 20854138 130952072  
601006 2012-11-23 6.190 6.300 6.260 6.160 36059144 225192592  
601006 2012-11-22 6.150 6.180 6.170 6.110 9572295 58802936  
601006 2012-11-21 6.170 6.200 6.170 6.100 15574579 95655288  
601006 2012-11-20 6.190 6.200 6.170 6.150 18740276 115844704  
601006 2012-11-19 6.080 6.210 6.190 6.050 37847788 232811008  
601006 2012-11-16 6.020 6.080 6.070 6.000 23660140 142622880  
601006 2012-11-15 6.100 6.120 6.060 6.050 15388261 93581672  
601006 2012-11-14 6.110 6.140 6.120 6.100 16392779 100381440  
601006 2012-11-13 6.160 6.160 6.110 6.090 23049144 141129840  
601006 2012-11-12 6.090 6.170 6.160 6.060 23647374 145179136  
601006 2012-11-09 6.050 6.090 6.090 6.030 14642225 88831776  
601006 2012-11-08 6.130 6.130 6.060 6.060 14472342 88108512  
601006 2012-11-07 6.140 6.160 6.150 6.100 23311132 143207168  
601006 2012-11-06 6.140 6.150 6.140 6.100 15737881 96361216  
601006 2012-11-05 6.160 6.170 6.150 6.120 14831650 91196128  
601006 2012-11-02 6.140 6.170 6.150 6.120 27124136 166878400  
601006 2012-11-01 6.050 6.150 6.140 6.040 28632952 174965344  
601006 2012-10-31 6.020 6.060 6.040 5.980 19741920 118717104  
601006 2012-10-30 5.990 6.040 6.000 5.970 17932116 107662768  
601006 2012-10-29 6.030 6.040 5.970 5.960 13595254 81439848  
601006 2012-10-26 6.100 6.100 6.020 6.000 19243144 116342408  
601006 2012-10-25 6.120 6.170 6.100 6.080 29232768 178929024  
601006 2012-10-24 6.150 6.150 6.130 6.110 20029686 122717088  
601006 2012-10-23 6.160 6.220 6.160 6.140 27899120 172576912  
601006 2012-10-22 6.140 6.180 6.160 6.120 16553850 101820960  
601006 2012-10-19 6.180 6.190 6.160 6.150 22168884 136725824  
601006 2012-10-18 6.110 6.190 6.170 6.110 39739968 244940256  
601006 2012-10-17 6.100 6.130 6.120 6.060 20973792 127885320  
601006 2012-10-16 6.090 6.130 6.090 6.050 19890676 121278888  
601006 2012-10-15 6.100 6.120 6.100 6.070 16425943 100024576  
601006 2012-10-12 6.100 6.160 6.100 6.080 33778664 207010704  
601006 2012-10-11 6.090 6.100 6.100 6.050 24246828 147365808  
601006 2012-10-10 6.100 6.120 6.090 6.070 24730956 150573680  
601006 2012-10-09 6.100 6.170 6.120 6.080 31448396 192992560  
601006 2012-10-08 6.080 6.140 6.080 6.040 18471156 112367936 
601006 2012-09-28 5.920 6.120 6.100 5.900 64882120 392512736  
601006 2012-09-27 5.840 5.980 5.950 5.820 30206892 178513984  
601006 2012-09-26 5.880 5.890 5.840 5.820 11891020 69444792  
601006 2012-09-25 5.880 5.890 5.870 5.840 7897135 46253360  
601006 2012-09-24 5.840 5.900 5.880 5.820 16868838 98882400  
601006 2012-09-21 5.850 5.890 5.860 5.840 13687069 80166672  
601006 2012-09-20 5.930 5.950 5.860 5.850 27613746 162722576  
601006 2012-09-19 5.980 6.000 5.950 5.910 22435116 133487664  
601006 2012-09-18 5.980 5.990 5.980 5.940 15734812 93906336  
601006 2012-09-17 6.020 6.050 6.000 5.990 33228830 200007920  
601006 2012-09-14 6.020 6.050 6.010 5.980 26695796 160603760  
601006 2012-09-13 6.010 6.020 6.000 5.990 16536959 99382208  
601006 2012-09-12 6.040 6.050 6.000 5.980 28161492 169297728  
601006 2012-09-11 6.030 6.040 6.010 5.990 25419960 152764896  
601006 2012-09-10 6.070 6.080 6.050 6.010 42941172 259462000  
601006 2012-09-07 5.980 6.140 6.090 5.960 78379584 476028064  
601006 2012-09-06 5.890 5.940 5.930 5.880 12818981 75691224  
601006 2012-09-05 5.940 5.970 5.880 5.870 16431285 97370048  
601006 2012-09-04 6.040 6.040 5.940 5.940 24429750 146088496  
601006 2012-09-03 5.990 6.050 6.010 5.950 24640656 147803360  
601006 2012-08-31 6.010 6.020 5.990 5.980 24942296 149753264  
601006 2012-08-30 5.950 6.030 6.010 5.950 33180152 199100080  
601006 2012-08-29 5.880 6.060 5.970 5.880 40513380 242572336  
601006 2012-08-28 5.840 5.940 5.900 5.830 18141264 106721344  
601006 2012-08-27 5.900 5.910 5.850 5.840 19826288 116241680  
601006 2012-08-24 5.880 5.940 5.920 5.860 24879482 146742688  
601006 2012-08-23 5.850 5.900 5.870 5.830 22634380 132991904  
601006 2012-08-22 5.860 5.880 5.850 5.830 13749982 80442480  
601006 2012-08-21 5.850 5.880 5.860 5.840 18621658 109150384  
601006 2012-08-20 5.840 5.890 5.850 5.820 16832314 98336440  
601006 2012-08-17 5.900 5.910 5.890 5.860 15880381 93412480  
601006 2012-08-16 5.860 5.930 5.900 5.830 21262504 125070536  
601006 2012-08-15 5.930 5.940 5.850 5.820 39142496 229182080  
601006 2012-08-14 6.000 6.010 5.950 5.900 37940084 225412240  
601006 2012-08-13 6.030 6.040 5.990 5.980 27259088 163819376  
601006 2012-08-10 6.060 6.070 6.020 6.020 18175340 109770848  
601006 2012-08-09 6.060 6.060 6.060 6.020 20168964 121888160  
601006 2012-08-08 6.050 6.070 6.070 6.040 20995944 127250560  
601006 2012-08-07 6.070 6.080 6.050 6.020 17519666 105899960  
601006 2012-08-06 6.000 6.070 6.060 6.000 27130584 164060992  
601006 2012-08-03 6.030 6.050 6.020 6.000 27431296 165350944  
601006 2012-08-02 6.020 6.060 6.030 5.980 24417408 146669984  
601006 2012-08-01 5.940 6.040 6.020 5.940 41703472 250412464  
601006 2012-07-31 5.950 5.970 5.920 5.910 31071878 184931408  
601006 2012-07-30 5.970 5.990 5.930 5.900 28735592 170796624  
601006 2012-07-27 6.030 6.040 5.950 5.940 33200654 198611328  
601006 2012-07-26 6.030 6.040 6.000 5.990 21168564 127204704  
601006 2012-07-25 6.050 6.090 6.030 6.020 18228172 110413656  
601006 2012-07-24 6.000 6.060 6.050 5.990 17659384 106458552  
601006 2012-07-23 6.040 6.050 6.030 5.980 38540544 231853552  
601006 2012-07-20 6.170 6.170 6.070 6.050 70826328 431854976  
601006 2012-07-19 6.230 6.230 6.200 6.140 78982208 488282560  
601006 2012-07-18 6.630 6.660 6.610 6.580 42820340 283590912  
601006 2012-07-17 6.590 6.640 6.630 6.560 32482668 214490480  
601006 2012-07-16 6.710 6.730 6.580 6.540 45940128 303436448  
601006 2012-07-13 6.690 6.740 6.710 6.670 31137020 208392704  
601006 2012-07-12 6.520 6.710 6.650 6.510 55998524 370738336  
601006 2012-07-11 6.430 6.560 6.530 6.420 57982756 377151680  
601006 2012-07-10 6.630 6.650 6.410 6.410 80722184 523163232  
601006 2012-07-09 6.780 6.820 6.610 6.590 52583384 352803744  
601006 2012-07-06 6.850 6.880 6.810 6.740 52964072 360332096  
601006 2012-07-05 6.990 6.990 6.830 6.810 36074208 248050272  
601006 2012-07-04 6.970 7.010 6.990 6.960 21542208 150536544  
601006 2012-07-03 6.990 7.000 6.970 6.950 33342948 232668176  
601006 2012-07-02 7.050 7.050 6.990 6.960 23976868 167705264 
601006 2012-06-29 7.020 7.060 7.030 6.950 48031300 336786688  
601006 2012-06-28 7.140 7.140 7.040 7.030 29901998 211950896  
601006 2012-06-27 7.160 7.160 7.130 7.110 22384360 159663504  
601006 2012-06-26 7.140 7.190 7.140 7.120 25864994 184897408  
601006 2012-06-25 7.240 7.240 7.160 7.150 34743448 249796384  
601006 2012-06-21 7.360 7.360 7.250 7.230 35041528 255028384  
601006 2012-06-20 7.380 7.380 7.360 7.340 17330068 127594984  
601006 2012-06-19 7.360 7.370 7.370 7.340 13081784 96209552  
601006 2012-06-18 7.360 7.400 7.350 7.330 27521830 202629424  
601006 2012-06-15 7.340 7.360 7.340 7.310 25204236 185025536  
601006 2012-06-14 7.360 7.380 7.310 7.310 24132400 177203936  
601006 2012-06-13 7.330 7.390 7.380 7.310 22074104 162336272  
601006 2012-06-12 7.320 7.340 7.320 7.300 20653648 151140304  
601006 2012-06-11 7.310 7.360 7.330 7.280 27209740 198961728  
601006 2012-06-08 7.320 7.320 7.290 7.260 18946724 137945056  
601006 2012-06-07 7.360 7.370 7.290 7.280 26729790 195576816  
601006 2012-06-06 7.350 7.370 7.330 7.310 22241112 163146976  
601006 2012-06-05 7.360 7.370 7.340 7.320 30685432 225323568  
601006 2012-06-04 7.390 7.400 7.340 7.340 42608152 313914016  
601006 2012-06-01 7.440 7.460 7.430 7.420 24403964 181504944  
601006 2012-05-31 7.440 7.460 7.440 7.400 33268988 247040144  
601006 2012-05-30 7.500 7.520 7.460 7.440 58149256 434180896  
601006 2012-05-28 7.490 7.500 7.500 7.450 52978252 395835168  
601006 2012-05-25 7.470 7.530 7.510 7.460 33208884 248916544  
601006 2012-05-24 7.510 7.550 7.470 7.460 26354068 197656240  
601006 2012-05-23 7.550 7.580 7.540 7.480 44284668 333478816  
601006 2012-05-22 7.610 7.670 7.570 7.520 109055216 826736384  
601006 2012-05-21 7.500 7.580 7.500 7.460 61296772 461043936  
601006 2012-05-18 7.440 7.500 7.450 7.380 47801696 355332544  
601006 2012-05-17 7.410 7.480 7.460 7.390 29158058 216761456  
601006 2012-05-16 7.400 7.430 7.410 7.380 29741116 220083792  
601006 2012-05-15 7.400 7.440 7.400 7.370 30455800 225246304  
601006 2012-05-14 7.480 7.500 7.420 7.410 37704704 280702592  
601006 2012-05-11 7.510 7.540 7.470 7.440 41780912 312802528  
601006 2012-05-10 7.500 7.560 7.540 7.500 23735262 178670768  
601006 2012-05-09 7.580 7.580 7.500 7.490 38983864 293648128  
601006 2012-05-08 7.590 7.630 7.610 7.570 55088040 418598496  
601006 2012-05-07 7.520 7.610 7.600 7.510 61801060 468340224  
601006 2012-05-04 7.530 7.560 7.550 7.500 61869408 465639456  
601006 2012-05-03 7.560 7.600 7.530 7.530 49374028 373103552  
601006 2012-05-02 7.530 7.580 7.570 7.490 79722752 601192256  
601006 2012-04-27 7.480 7.510 7.470 7.450 50857808 380289568  
601006 2012-04-26 7.450 7.470 7.450 7.440 37841144 281933344  
601006 2012-04-25 7.470 7.490 7.460 7.410 65225824 485357312  
601006 2012-04-24 7.490 7.570 7.480 7.430 46418944 347778912  
601006 2012-04-23 7.510 7.520 7.500 7.460 29529748 221341664  
601006 2012-04-20 7.450 7.530 7.510 7.450 39324736 294566016  
601006 2012-04-19 7.460 7.500 7.460 7.430 33129024 247410000  
601006 2012-04-18 7.380 7.480 7.460 7.380 55574024 413746176  
601006 2012-04-17 7.420 7.420 7.390 7.350 37282308 275184576  
601006 2012-04-16 7.400 7.450 7.410 7.400 31764680 235763424  
601006 2012-04-13 7.450 7.460 7.430 7.400 41082172 305375104  
601006 2012-04-12 7.410 7.460 7.450 7.340 51946024 384483232  
601006 2012-04-11 7.370 7.510 7.430 7.330 57329688 423772032  
601006 2012-04-10 7.380 7.430 7.410 7.350 28001672 206727760  
601006 2012-04-09 7.410 7.430 7.380 7.370 20519592 151732064  
601006 2012-04-06 7.410 7.480 7.400 7.380 21121724 156734304  
601006 2012-04-05 7.420 7.450 7.410 7.370 43952480 325521184 
601006 2012-03-30 7.330 7.450 7.450 7.300 52067192 384715488  
601006 2012-03-29 7.310 7.360 7.310 7.290 31931330 233770592  
601006 2012-03-28 7.430 7.460 7.320 7.310 37069128 273410336  
601006 2012-03-27 7.450 7.480 7.430 7.420 19102114 142310992  
601006 2012-03-26 7.480 7.480 7.430 7.420 20426704 152236992  
601006 2012-03-23 7.450 7.560 7.480 7.410 39227488 293165856  
601006 2012-03-22 7.450 7.490 7.460 7.440 41867772 312548192  
601006 2012-03-21 7.420 7.480 7.450 7.400 37988504 282268352  
601006 2012-03-20 7.420 7.440 7.380 7.370 24968528 184597856  
601006 2012-03-19 7.440 7.470 7.440 7.380 27063764 200818496  
601006 2012-03-16 7.370 7.480 7.470 7.370 42274648 313525632  
601006 2012-03-15 7.430 7.450 7.370 7.340 52078948 384502752  
601006 2012-03-14 7.550 7.570 7.430 7.400 86685080 650761856  
601006 2012-03-13 7.490 7.560 7.530 7.480 47774436 359144128  
601006 2012-03-12 7.550 7.560 7.500 7.470 55416704 415448032  
601006 2012-03-09 7.510 7.560 7.550 7.490 36557824 275474560  
601006 2012-03-08 7.510 7.540 7.500 7.460 43530488 326516768  
601006 2012-03-07 7.450 7.550 7.480 7.440 38451724 288314528  
601006 2012-03-06 7.600 7.610 7.490 7.480 55476424 417583136  
601006 2012-03-05 7.690 7.740 7.610 7.590 67881024 519655520  
601006 2012-03-02 7.610 7.690 7.670 7.600 52399200 400406912  
601006 2012-03-01 7.600 7.640 7.600 7.590 26061640 198419264  
601006 2012-02-29 7.690 7.720 7.620 7.610 46358696 355190656  
601006 2012-02-28 7.650 7.710 7.700 7.640 53202500 408768320  
601006 2012-02-27 7.650 7.770 7.670 7.640 106933904 823539520  
601006 2012-02-24 7.580 7.640 7.630 7.550 87193648 661746112  
601006 2012-02-23 7.510 7.590 7.580 7.490 90001376 679331776  
601006 2012-02-22 7.520 7.530 7.520 7.460 72897712 546406976  
601006 2012-02-21 7.550 7.560 7.520 7.470 29628256 222500288  
601006 2012-02-20 7.620 7.630 7.550 7.530 28717712 217780592  
601006 2012-02-17 7.570 7.600 7.570 7.520 26445674 200107568  
601006 2012-02-16 7.600 7.610 7.540 7.500 40400492 304855456  
601006 2012-02-15 7.550 7.610 7.560 7.500 56666456 428337440  
601006 2012-02-14 7.550 7.600 7.570 7.530 24711682 187070160  
601006 2012-02-13 7.540 7.610 7.550 7.520 26478376 200434912  
601006 2012-02-10 7.530 7.610 7.580 7.500 31903416 241460064  
601006 2012-02-09 7.600 7.600 7.530 7.520 32527912 245917328  
601006 2012-02-08 7.450 7.610 7.600 7.450 36497568 275051232  
601006 2012-02-07 7.570 7.600 7.450 7.420 41954996 314449504  
601006 2012-02-06 7.650 7.710 7.600 7.560 49483408 377152704  
601006 2012-02-03 7.650 7.680 7.640 7.560 51954264 396090816  
601006 2012-02-02 7.600 7.680 7.670 7.590 28492434 217330720  
601006 2012-02-01 7.690 7.740 7.610 7.570 25807280 197169200  
601006 2012-01-31 7.600 7.720 7.700 7.590 30107974 230893280  
601006 2012-01-30 7.760 7.770 7.580 7.560 34264256 261688512  
601006 2012-01-20 7.790 7.800 7.760 7.680 38730932 299410752  
601006 2012-01-19 7.700 7.820 7.760 7.690 43729440 338890784  
601006 2012-01-18 7.710 7.770 7.680 7.680 35403628 273508864  
601006 2012-01-17 7.530 7.770 7.730 7.510 36733020 280389728  
601006 2012-01-16 7.620 7.620 7.550 7.490 22863910 172861584  
601006 2012-01-13 7.650 7.720 7.640 7.540 29225128 223389904  
601006 2012-01-12 7.650 7.690 7.640 7.600 22684684 173554128  
601006 2012-01-11 7.730 7.780 7.640 7.630 48636880 373734272  
601006 2012-01-10 7.700 7.790 7.720 7.660 58156248 449992992  
601006 2012-01-09 7.590 7.750 7.700 7.580 42958980 330236864  
601006 2012-01-06 7.450 7.600 7.580 7.430 37373180 280970752  
601006 2012-01-05 7.300 7.530 7.450 7.300 41175788 307153696  
601006 2012-01-04 7.480 7.510 7.350 7.330 23590826 174632688 
