601006 2016-08-30 6.310 6.320 6.310 6.270 36205306 228057846  
601006 2016-07-29 6.130 6.220 6.150 6.120 83762081 517085972  
601006 2016-06-30 6.460 6.470 6.440 6.410 53692012 345894246  
601006 2016-05-31 6.360 6.510 6.500 6.350 64494104 417058635  
601006 2016-04-29 6.560 6.570 6.540 6.530 30686641 200857502  
601006 2016-03-31 6.890 6.940 6.870 6.850 67840893 467402766  
601006 2016-02-29 6.700 6.700 6.490 6.410 68565621 446878900  
601006 2016-01-29 6.700 6.850 6.810 6.690 83433209 566633286  
601006 2015-12-31 8.710 8.740 8.620 8.610 44535496 386387689  
601006 2015-11-30 8.820 8.830 8.680 8.520 59366448 516066848  
601006 2015-10-30 9.230 9.230 9.130 9.110 54471296 498499328  
601006 2015-09-30 8.880 8.950 8.830 8.800 23695166 209854368  
601006 2015-08-31 9.250 10.100 10.070 9.010 114757440 1087777664  
601006 2015-07-31 10.100 10.380 10.220 9.960 138223024 1406827648  
601006 2015-06-30 13.350 14.180 14.040 12.210 507177760 6729090560  
601006 2015-05-29 12.510 12.640 12.180 12.000 214479968 2634745088  
601006 2015-04-30 13.820 14.560 13.970 13.610 227485984 3194455040  
601006 2015-03-31 11.450 11.470 11.030 11.000 230416000 2584732672  
601006 2015-02-27 10.650 10.800 10.670 10.580 66238568 708526976  
601006 2015-01-30 11.030 11.080 10.620 10.550 139460016 1501910144  
601006 2014-12-31 10.530 10.840 10.660 10.200 160153872 1693252224  
601006 2014-11-28 9.610 9.620 9.580 9.350 79171472 749697280  
601006 2014-10-31 8.000 8.030 7.980 7.840 60011712 476323712  
601006 2014-09-30 7.800 7.810 7.780 7.730 26077460 202951968  
601006 2014-08-29 7.300 7.420 7.400 7.280 23098676 170102832  
601006 2014-07-31 7.040 7.150 7.140 7.010 52589436 370730368  
601006 2014-06-30 6.260 6.340 6.310 6.260 16658940 105152136  
601006 2014-05-30 6.700 6.730 6.710 6.660 11669103 78176968  
601006 2014-04-30 6.630 6.680 6.660 6.620 11327991 75380528  
601006 2014-03-31 6.740 6.770 6.680 6.630 15950347 106669848  
601006 2014-02-28 7.000 7.010 6.800 6.750 44696940 306549312  
601006 2014-01-30 7.180 7.330 7.260 7.160 13925398 101038104  
601006 2013-12-31 7.230 7.560 7.390 7.230 33237672 246121216  
601006 2013-11-29 7.930 7.950 7.910 7.800 13497886 106080472  
601006 2013-10-31 7.380 7.480 7.360 7.320 29445940 217582464  
601006 2013-09-30 7.120 7.320 7.280 7.080 26610592 191683264  
601006 2013-08-30 6.860 6.890 6.810 6.750 17201996 117378416  
601006 2013-07-31 6.020 6.090 6.050 6.010 15993836 96718176  
601006 2013-06-28 5.850 5.970 5.940 5.770 32219062 189483424  
601006 2013-05-31 7.150 7.150 7.070 7.070 23857656 169696784  
601006 2013-04-26 7.250 7.260 7.050 7.020 32120188 227857440  
601006 2013-03-29 7.450 7.510 7.450 7.420 14038509 104810640  
601006 2013-02-28 7.630 7.990 7.850 7.600 63045440 494331552  
601006 2013-01-31 7.250 7.250 7.190 7.190 29873588 215375680  
601006 2012-12-31 6.820 6.850 6.760 6.740 43763164 296951712  
601006 2012-11-30 6.190 6.320 6.300 6.180 24790444 154954464  
601006 2012-10-31 6.020 6.060 6.040 5.980 19741920 118717104  
601006 2012-09-28 5.920 6.120 6.100 5.900 64882120 392512736  
601006 2012-08-31 6.010 6.020 5.990 5.980 24942296 149753264  
601006 2012-07-31 5.950 5.970 5.920 5.910 31071878 184931408  
601006 2012-06-29 7.020 7.060 7.030 6.950 48031300 336786688  
601006 2012-05-31 7.440 7.460 7.440 7.400 33268988 247040144  
601006 2012-04-27 7.480 7.510 7.470 7.450 50857808 380289568  
601006 2012-03-30 7.330 7.450 7.450 7.300 52067192 384715488  
601006 2012-02-29 7.690 7.720 7.620 7.610 46358696 355190656  
601006 2012-01-31 7.600 7.720 7.700 7.590 30107974 230893280  
sum:438.30 cnt:56 avg= 7.83 
